param_a param_b param_c param_d .PERFORMANCE.
0.5653627149982748 0.27455770713426797 0.2538577087763334 0.1733413397257204 0.2727272727272727
0.7581166473998966 0.7455402036526935 0.19998062014083662 0.9693572196751447 0.2727272727272727
0.3996965170813068 0.13575971471972847 0.33805475429768084 0.7632070674140947 0.2727272727272727
0.10094107719173229 0.3743268608277942 0.6434384025113459 0.24488113570240655 0.2727272727272727
0.3091094100079923 0.8672869849591694 0.3868413243842308 0.994878522984567 0.2727272727272727
0.4903996765240486 0.3004593872863871 0.31443423688317984 0.6590887506165748 0.2727272727272727
0.7908860083387516 0.34033271053648995 0.206673994017482 0.5241611872884804 0.2727272727272727
0.10323246156844512 0.01928321204456318 0.5844057837703917 0.3743266970371517 0.2727272727272727
0.4723794367714069 0.5798114924502356 0.790557795313649 0.9427949192937938 0.5454545454545454
0.5774717532851964 0.2034651009922176 0.42273831496073544 0.80155816017662 0.2727272727272727
0.6914391088812568 0.44657138120632944 0.3990247601282151 0.6438213172062908 0.2727272727272727
0.23498279557483814 0.172870438449373 0.46955497934788637 0.9573475604427384 0.2727272727272727
0.795258448360299 0.5592541585139876 0.5455585425446852 0.1476521164468363 0.5454545454545454
0.05927458764180127 0.10025111998711278 0.4693503169727591 0.09521393516495558 0.2727272727272727
0.15021327959029152 0.5420199061526915 0.8908304470016003 0.5355320012475744 0.5454545454545454
0.5308652397906658 0.5139620510745191 0.747179487593354 0.6224440010310657 0.5454545454545454
0.3303569464252232 0.7603498496138027 0.8666249132915568 0.5977835537768895 0.2727272727272727
0.7695821313526848 0.2937648555821356 0.6766156650690051 0.9169791128624922 0.2727272727272727
0.4491977509610773 0.8831097441999771 0.1842631662554215 0.3380327114150232 0.2727272727272727
0.8370521316712184 0.9627476614025882 0.7423975524200408 0.8014954320885187 0.2727272727272727
0.6823072264086842 0.08222463669467461 0.3231874963442206 0.06437655353902072 0.2727272727272727
0.3582973911118793 0.899503678926632 0.7517905174551703 0.4136781628468562 0.2727272727272727
0.3080864434937194 0.8021106466100947 0.03293170387509925 0.184657833978776 0.5
0.19485633870096553 0.3729172445467348 0.011447545972747664 0.7535907863844351 0.5
0.7360790641628684 0.4687539226667554 0.5511401106313352 0.9148033030487378 0.2727272727272727
0.9777855412843077 0.6240670154405027 0.49288701009397506 0.3761083799144642 0.0
0.3688023676232792 0.9042615582274808 0.3296613880184458 0.4715651000524773 0.2727272727272727
0.40593551741099776 0.5749395109292186 0.4978536148761711 0.038947689199910096 0.5454545454545454
0.5365205104295936 0.21646836949222537 0.7669248412173416 0.9286758969513159 0.2727272727272727
0.5791365379405317 0.8807669934673686 0.2454294605133216 0.17131172597644873 0.2727272727272727
0.9432827215785744 0.5629397323874323 0.6947916153414548 0.010808299750093342 0.5454545454545454
0.6468821357667828 0.33203728341585503 0.9996922377379486 0.8073682241035439 0.2727272727272727
0.6169119887008735 0.09722304497373446 0.12436034890205083 0.47868459592783863 0.2727272727272727
0.864051563539499 0.6539710063167149 0.061594062661935234 0.3398539880502016 0.5454545454545454
0.5909427317456658 0.5288345223124312 0.9105482032506659 0.37083572942039644 0.5454545454545454
0.49589053891544077 0.3251080875350677 0.8287407648175366 0.25984081663740644 0.2727272727272727
0.46718062382576775 0.47869791742057033 0.4154083506634688 0.16347431521077305 0.2727272727272727
0.950920476236153 0.8690605708730447 0.1570195585741544 0.28171549576564614 0.0
0.9313675965739221 0.42456859035749384 0.546812188256059 0.7319038949901956 0.2727272727272727
0.5908639691180366 0.25302045034331233 0.9062732808945481 0.5503395833518498 0.2727272727272727
0.8692080684271544 0.10930093497822646 0.5691403663847685 0.07069278982876936 0.2727272727272727
0.14682835346351453 0.5562171742348047 0.8040072004855817 0.9694741191735543 0.5454545454545454
0.5276563418620688 0.4648111214195024 0.4258006409698708 0.8233046264622295 0.2727272727272727
0.19595708602507844 0.9233049121356917 0.909955108701887 0.43487295457671593 0.2727272727272727
0.808721865298976 0.5345168506261958 0.30695284938004563 0.790576292407471 0.5454545454545454
0.05208576140504473 0.3473836338720737 0.9134934921613138 0.28743224101807396 0.2727272727272727
0.06850112668644681 0.31136874696381045 0.9048817647389898 0.0376962621798862 0.2727272727272727
0.9038547367103855 0.2815553021586047 0.6411907665863182 0.011483668494638555 0.2727272727272727
0.7261703449186564 0.3607415906875634 0.6463790868982622 0.3249238703414534 0.2727272727272727
0.38288649610686665 0.74995303580329 0.5883950644222465 0.9877958087359837 0.2727272727272727
0.9471447536275641 0.6342335048545718 0.18237825105117933 0.9304905262045315 0.5454545454545454
0.7309204634661483 0.3309957670500685 0.3476708556268818 0.03975118282346568 0.2727272727272727
0.401481350011205 0.39669249691161523 0.8302331498743966 0.5973514030663728 0.2727272727272727
0.23744760202910586 0.049061715826313246 0.5117306899982174 0.13040608344213345 0.2727272727272727
0.7562951076430703 0.013509741810290965 0.02260355800648206 0.7212366986994275 0.5
0.1700693292974378 0.1286272679804802 0.9491835877690357 0.9970002937023249 0.2727272727272727
0.4598163211306757 0.5452198658464518 0.12226389606245414 0.9860414607905328 0.5454545454545454
0.8295994442172553 0.43557854799161244 0.9977335208489136 0.35522445378946255 0.2727272727272727
0.41920914918396524 0.6402717326253988 0.1274366848034404 0.9195337839886766 0.5454545454545454
0.6820257211325079 0.14595305234791556 0.5852427361882887 0.8288184538827033 0.2727272727272727
0.7812972662035 0.0199256411685218 0.28561537203907184 0.5021184711652553 0.2727272727272727
0.10612312907414645 0.6412101224177128 0.8132859412911966 0.833540364873639 0.5454545454545454
0.03443083113306744 0.21134258951722007 0.7239004672459638 0.7117827694567103 0.2727272727272727
0.21457632338976618 0.5957347502317957 0.6509647461738061 0.8313632300932493 0.5454545454545454
0.602283837172746 0.20996809609062173 0.5267062792694058 0.9443688350092417 0.2727272727272727
0.0929025863532108 0.24086844421176146 0.8374745311971972 0.3742614649146758 0.2727272727272727
0.59137928733755 0.3649872591345714 0.2551837753575338 0.41363004636502365 0.2727272727272727
0.6391548486476885 0.81418991712858 0.7514090699835786 0.5171172286795849 0.2727272727272727
0.1132994753352764 0.9999664285015727 0.4915183473380441 0.4648306631667879 0.2727272727272727
0.22099830664800968 0.3656758714520403 0.998958148978876 0.39951441476549676 0.2727272727272727
0.0976401266352791 0.8964558127465182 0.374876254356998 0.982133821479997 0.2727272727272727
0.652615594778596 0.1919498901783373 0.5477619604872505 0.0842988130295983 0.2727272727272727
0.35223816254903073 0.5486433218094617 0.7460048687835158 0.41392932451570297 0.5454545454545454
0.38166276938976074 0.3235007778537361 0.32178193818072587 0.8157487243449296 0.2727272727272727
0.7058881374168422 0.7146085687713973 0.9620446816396456 0.18493803872278503 0.2727272727272727
0.29942498985405697 0.616935209160693 0.6864867548385928 0.8207217188947709 0.5454545454545454
0.0017885456559157964 0.626665158627736 0.010188618545445616 0.9766213875584216 0.7727272727272727
0.12813849279940692 0.8777630788594856 0.3522169286064837 0.6625668611781286 0.2727272727272727
0.7078832604874569 0.24758865218737347 0.47776365008897304 0.8273860050697261 0.2727272727272727
0.6367619095670161 0.9473531683136788 0.858436125526252 0.4277223156239617 0.2727272727272727
0.4548165626269417 0.3622605789712713 0.3602344926902996 0.2872717338975126 0.2727272727272727
0.6420249222716023 0.4293186086246502 0.6039415094637979 0.45737746584284855 0.2727272727272727
0.039621303217499904 0.7781112296418485 0.8643274878446721 0.22046281863441974 0.2727272727272727
0.44700193060705806 0.2409981590349508 0.38064748729475606 0.3942104746090067 0.2727272727272727
0.8594994062261521 0.5166902774258901 0.70429455334928 0.6212714483185171 0.5454545454545454
0.27151109131320217 0.7124846389441681 0.1313279058098249 0.46896131763718096 0.2727272727272727
0.30067752561810346 0.4226325229419292 0.767611748641411 0.06544838001716569 0.2727272727272727
0.20360621637762044 0.8603954556669161 0.44903571598631387 0.4336736464932165 0.2727272727272727
0.983628639966697 0.24227185211873759 0.7779479234316241 0.41605910946664126 0.0
0.050492061229463814 0.07819569599407161 0.5819603472435955 0.13204672668090855 0.2727272727272727
0.17629709813883243 0.37895780357938 0.2710961602024754 0.12389903338218655 0.2727272727272727
0.808161002353882 0.6828121667007949 0.8362187284882976 0.7655191397880279 0.5454545454545454
0.015926039880504006 0.2432951349411817 0.8570105074918326 0.3476885416156621 0.2727272727272727
0.14190817981943593 0.0861364441117135 0.04660416688006319 0.0379325787096636 0.5
0.7884089564345776 0.4709444618016555 0.22605908969877853 0.8768868997922689 0.2727272727272727
0.03652492315123623 0.25508512180178866 0.19952772536518937 0.7155556110609602 0.2727272727272727
0.9503017630726217 0.07030273426534461 0.9017555635605741 0.1438370706268487 0.0
0.7221758355112191 0.701662799658602 0.07157384769108233 0.07476735960854086 0.2727272727272727
0.3761359862534047 0.05676436016243269 0.19028452170134824 0.4336410651930006 0.2727272727272727
0.4888540109359929 0.8277163863755227 0.26149946949258474 0.06816816790144564 0.2727272727272727
0.9859015595713962 0.6788590430004502 0.18456595357580186 0.2053382649581189 0.0
0.8230155485101293 0.6007136473943132 0.8581309306356488 0.037983353767678696 0.5454545454545454
0.7210332496365406 0.47422911960853587 0.9754208133817389 0.6181277577417349 0.2727272727272727
0.4514158006401304 0.7351382920201367 0.3245259061273852 0.3055671801036157 0.2727272727272727
0.4427059357674413 0.6095579034283497 0.21240556395112975 0.21472533923773662 0.5454545454545454
0.36717415315440627 0.9843164781016231 0.16105598814058464 0.46760291474070925 0.2727272727272727
0.9207500273726587 0.9177096118650624 0.7297666869350481 0.42869456999516975 0.2727272727272727
0.29554992302763705 0.641052669781977 0.9502638947113621 0.5634048372109429 0.5454545454545454
0.34671468456753995 0.20204540688913197 0.9164539632446469 0.15783578701392553 0.2727272727272727
0.5530505401234552 0.5843487752235891 0.21863614369341966 0.6010861195833163 0.5454545454545454
0.014188852993980094 0.6969848359426543 0.6900376127579708 0.6910512396977683 0.5454545454545454
0.8089253949063817 0.25390806195939475 0.5051583937017041 0.2705884215396607 0.2727272727272727
0.5559387264389488 0.6683682900839476 0.0028604491430623824 0.6651519596652463 1.0
0.2727810685477041 0.4542737737860567 0.9926936099955738 0.3457736679677602 0.2727272727272727
0.6131385213481211 0.3850240187492189 0.7326994581686138 0.1817854543363907 0.2727272727272727
0.46504248284288763 0.7475874339461088 0.3221165184233896 0.6495272139771795 0.2727272727272727
0.8228913089262457 0.04419568831465692 0.9601559366004155 0.41418171662749403 0.2727272727272727
0.24119103110405704 0.6763404616926925 0.33234744239764713 0.5512241008992068 0.5454545454545454
0.9754421961848848 0.9670047351770719 0.7516614763801789 0.9719667124682533 0.0
0.6798493889309316 0.793601978972828 0.4154333283721353 0.6241541705240816 0.2727272727272727
0.04439612033396001 0.38141355554034406 0.36479580397558276 0.7048470888455377 0.2727272727272727
0.06055369443057357 0.9371661061993448 0.6394663044533883 0.6409159594001989 0.2727272727272727
0.4409482462275337 0.23477971969024658 0.07813379409485 0.5823297314298863 0.2727272727272727
0.4801970701339592 0.8601829609539765 0.3329448119482338 0.9446560725162392 0.2727272727272727
0.05402572083066792 0.13745113856797309 0.33890255581739104 0.9896390879005512 0.2727272727272727
0.5269533291043794 0.020637977935034968 0.1619380332753686 0.8928850966702222 0.2727272727272727
0.5981453782875101 0.8187976495176821 0.728924728019137 0.025237914478396406 0.2727272727272727
0.15546996913694267 0.6996733385469627 0.5394753617017475 0.3722128456412519 0.5454545454545454
0.1679627802200515 0.6553374874372414 0.866850160446901 0.9421841026857921 0.5454545454545454
0.34479766376644083 0.3291958399795377 0.8954584811401428 0.00724181945978597 0.2727272727272727
0.4973797569936146 0.5395479755065835 0.8127994929384219 0.40418410506015345 0.5454545454545454
0.31886154120166255 0.3263109980479677 0.7611276830284839 0.05050534171348886 0.2727272727272727
0.5532135728417047 0.9202865304324823 0.16336274567118914 0.4675203944545817 0.2727272727272727
0.5085647028697363 0.46635144836275777 0.3482051514073027 0.3107709710211022 0.2727272727272727
0.3783081130796081 0.04579920883383315 0.3373116969238079 0.15689387704408408 0.2727272727272727
0.5339928166780359 0.5698867223635328 0.12441553994964649 0.22897881973940282 0.5454545454545454
0.19297935262448962 0.27778757094590456 0.12473018826429716 0.8713297205688872 0.2727272727272727
0.10229538255508719 0.47665657051747023 0.15847646828740414 0.11687710357101955 0.2727272727272727
0.5845527843775382 0.7663165334097451 0.9345145434271002 0.5998310165194954 0.2727272727272727
0.5353675764899994 0.8922130658406965 0.8854305099168999 0.15331037162540484 0.2727272727272727
0.6458531905489376 0.15543997895746775 0.6304345758506901 0.7970116533928441 0.2727272727272727
0.8326117694276013 0.6243371580815786 0.10970472009012011 0.5748491833384655 0.5454545454545454
0.2416124265949613 0.6190257922276521 0.8284068803258989 0.09162599855423825 0.5454545454545454
0.9644245922103706 0.9573745584449198 0.7800265074580841 0.41429154109046606 0.0
0.44782793899072304 0.701240515733797 0.6102775321019173 0.055867549691517415 0.2727272727272727
0.12670680707144977 0.8863329283564478 0.24142783189784445 0.1474256869067535 0.2727272727272727
0.05398251263387199 0.5801767453988967 0.29587257364650743 0.9989707488076619 0.5454545454545454
0.8285887282315838 0.18220040396383475 0.28680125647495225 0.9347500814119454 0.2727272727272727
0.4889257869646111 0.908596151202987 0.9271866144621662 0.8876980281244253 0.2727272727272727
0.7985501676056679 0.6978357175525987 0.5744966477435067 0.01761644593687728 0.5454545454545454
0.652541292007702 0.9328071171707183 0.7801389489202524 0.8430883773103116 0.2727272727272727
0.39621856305244485 0.2730181191182547 0.37795538438451903 0.18569334530489612 0.2727272727272727
0.9516357420328021 0.3053493755872093 0.8056455271803249 0.42882382043753486 0.0
0.06526078551437398 0.7748592977678561 0.41700656563422034 0.888823804228162 0.2727272727272727
0.024560073133524707 0.06193186775271253 0.5101411298064485 0.9081040250447465 0.2727272727272727
0.5124281709091194 0.552702185393528 0.5636168398179329 0.5659819658951263 0.5454545454545454
0.4164358264668523 0.6079207314087942 0.8958857461220424 0.356522889911293 0.5454545454545454
0.5644995002388222 0.36189326551762824 0.5696511342728113 0.77403833046586 0.2727272727272727
0.25099762574118645 0.208346313781967 0.5839925517059051 0.8584823257091205 0.2727272727272727
0.18018629464282532 0.11542992463074075 0.2585521180256314 0.11735059047704488 0.2727272727272727
0.07778564220901074 0.2400161154694901 0.5576438303092279 0.8527448387301682 0.2727272727272727
0.07699164241046863 0.08859678321673903 0.2738991347633485 0.7801196074645903 0.2727272727272727
0.7608792246972748 0.4752277710924382 0.42790597568903266 0.788387525852794 0.2727272727272727
0.9806012381307717 0.7070776171426104 0.2612699563835216 0.7534498555274808 0.0
0.997306149001005 0.522526732541583 0.24300760905336694 0.5314066872815751 0.0
0.45483008515832013 0.17239755578142468 0.7327992252070473 0.3604783585575625 0.2727272727272727
0.40760324793565994 0.893588132731804 0.902476131867505 0.5432756589231015 0.2727272727272727
0.6977058892707135 0.2857569018135434 0.2094093364787427 0.6592973100538547 0.2727272727272727
0.7206714443336455 0.2886819792307035 0.06537561488655064 0.17119417902388312 0.2727272727272727
0.4425202826873237 0.28081845789876947 0.46008013466873954 0.526499527351582 0.2727272727272727
0.5939942798277711 0.3947384163853065 0.15964428600935443 0.8301674535723768 0.2727272727272727
0.13649717771385805 0.7378113145660234 0.9588799740704108 0.4041080863135901 0.2727272727272727
0.9398175385979597 0.24375384158413327 0.40109305468511636 0.6923391179881616 0.2727272727272727
0.7169804584113987 0.5706240040863692 0.014410244011334838 0.12938072437281734 0.7727272727272727
0.5758572734289584 0.003541318282640593 0.7458161584414287 0.2085532785750004 0.2727272727272727
0.36972266604711357 0.7597329342119962 0.642750264199249 0.6165614998593775 0.2727272727272727
0.704522978266465 0.12286776803526167 0.011031859717250181 0.5791114768409448 0.7272727272727273
0.7458202515440299 0.9942613987012144 0.3147000925203959 0.5696277147527434 0.2727272727272727
0.2709222351277685 0.3043464971166785 0.755243970732892 0.06647919728214036 0.2727272727272727
0.8607865224823094 0.7799133472333575 0.6779931911499032 0.8287251465330319 0.2727272727272727
0.11742521719984755 0.13513038519606368 0.7743313860917018 0.012875780794871283 0.2727272727272727
0.15009883414536596 0.2757784037998615 0.7835961401637851 0.36953087057965983 0.2727272727272727
0.2074909748222722 0.5700469522513509 0.38838679431514755 0.9780504567747742 0.5454545454545454
0.2580692964751492 0.3310042519398705 0.23719934134802412 0.48314108191446403 0.2727272727272727
0.5275573754477216 0.27610667075237183 0.2883281577298932 0.7798344701522717 0.2727272727272727
0.10908861924285107 0.5163186650730945 0.3261021962457935 0.21542327344056678 0.5454545454545454
0.2988244696300849 0.8025703214735573 0.4635005061239422 0.8987778217062332 0.2727272727272727
0.507328183462158 0.07293944348666637 0.42087519727828604 0.18702068765810376 0.2727272727272727
0.347578142111556 0.11044922793883727 0.06255197404849366 0.5329686523656952 0.2727272727272727
0.6641854666629863 0.5778346483384424 0.5347794710993757 0.9884770097603515 0.5454545454545454
0.9025238332918663 0.5487620277055252 0.799960427073392 0.03809990990768475 0.5454545454545454
0.847156887894617 0.7694191425020879 0.5734256538094222 0.020675772375274848 0.2727272727272727
0.7619885790946352 0.14542596115555229 0.2322409172758816 0.9523901327026245 0.2727272727272727
0.8100759836741763 0.2260259307359298 0.35025144604514535 0.29345570535833476 0.2727272727272727
0.7726778944308129 0.3267599119320842 0.5766630908821316 0.2936653783679599 0.2727272727272727
0.5614270577988706 0.5387376592715426 0.9548191899356054 0.39422371354686525 0.5454545454545454
0.3785841068035556 0.22260897605171526 0.2824910622718392 0.036554706910625234 0.2727272727272727
0.34007116793786984 0.9887262751094446 0.11867070370152866 0.5707871200683085 0.2727272727272727
0.47476747139663855 0.7375361239468675 0.8185230664153872 0.34050405515759363 0.2727272727272727
0.7127997406409275 0.9547091839653573 0.9704284045758206 0.45409278407828313 0.2727272727272727
0.8224650734381468 0.020144376347110637 0.6556719353531021 0.45068529015702363 0.2727272727272727
0.6170650263605725 0.8156937211970166 0.02941221805103289 0.6693213885921557 0.7272727272727273
0.11610736599875282 0.625489427843085 0.715560772358678 0.5702163423773436 0.5454545454545454
0.4936273973153992 0.06519865485892495 0.4107319012659244 0.08762753460234363 0.2727272727272727
0.8158855631760945 0.5979519406719493 0.21175798318826422 0.015184545303960517 0.5454545454545454
0.16701261975634674 0.333563115882761 0.8517237578294202 0.49517233015644746 0.2727272727272727
0.31107611996949536 0.09646366688790387 0.9948729686017571 0.7439414746803141 0.2727272727272727
0.8230156148546638 0.8318639068726877 0.9609154994870132 0.5533460094648137 0.2727272727272727
0.8101439893811259 0.2785523433284962 0.36692616443799986 0.13249185973030841 0.2727272727272727
0.15933416276798162 0.6752532733663881 0.10913461028276261 0.0008626131952270688 0.5454545454545454
0.23975551426248354 0.2950434074362962 0.859012493561331 0.3853659018073935 0.2727272727272727
0.0019416316153201274 0.3611463356251785 0.5670846705104172 0.40396322376906113 0.2727272727272727
0.5452136571286653 0.6814659977332106 0.6940111338429077 0.6074299734705619 0.5454545454545454
0.22399675634914695 0.5107888617087992 0.22333511344227286 0.5038793657384233 0.5454545454545454
0.7293411361149889 0.9673160569490438 0.9634825528125553 0.5260714497112116 0.2727272727272727
0.23128364349096198 0.1357561074691086 0.9971077706160855 0.858966772761211 0.2727272727272727
0.2868078391380604 0.631260862453287 0.33326060375092037 0.3141966345317516 0.5454545454545454
0.21134906780327067 0.18775159401186137 0.9026547361373515 0.21812592229138994 0.2727272727272727
0.04355895384042274 0.12202439110542806 0.29701242245955894 0.38610092588737444 0.2727272727272727
0.491376796942792 0.7794642761670559 0.6258024227989918 0.2057659030363972 0.2727272727272727
0.46417524601122495 0.4198660572894187 0.9187602252698578 0.26468109079026747 0.2727272727272727
0.6420052223059316 0.9968403515567823 0.24304774024594034 0.6383020398875945 0.2727272727272727
0.6991146736618173 0.47791239737732427 0.417168028950313 0.7320540767735144 0.2727272727272727
0.049250972426530204 0.48811404420008897 0.5277970200141934 0.3464165165013954 0.2727272727272727
0.4616567438045843 0.06030743052895082 0.2237898150812908 0.7533913990056998 0.2727272727272727
0.27912121963377645 0.098610797268184 0.001092920712676193 0.21789522867253397 0.5
0.033262397317860404 0.6998947130400863 0.02977945337578669 0.30139195584139244 0.7727272727272727
0.8117541448254042 0.5802120393003654 0.641545450652054 0.6394870362972543 0.5454545454545454
0.6769413127145937 0.06185302892281608 0.08363548455739822 0.3770518755927249 0.2727272727272727
0.6773320133711787 0.47504890208568773 0.05402182837874159 0.3346441957387928 0.2727272727272727
0.946289760782312 0.32868664557187055 0.4585429377536544 0.3732252036831363 0.2727272727272727
0.6466926092820069 0.09808538699675273 0.20622211103355115 0.6628855723153374 0.2727272727272727
0.8200085089265396 0.844977218240717 0.7301194482550508 0.39529570932301317 0.2727272727272727
0.5297452529284092 0.38506806908762214 0.5804183429879289 0.7700522324519689 0.2727272727272727
0.06547446583684235 0.4015169408918068 0.6623152449165186 0.6072312542507294 0.2727272727272727
0.45900441484970356 0.845301250206529 0.32660041391054917 0.6788922850768098 0.2727272727272727
0.5442760216254595 0.5432926321837032 0.5503850409538238 0.7562387946672281 0.5454545454545454
0.06370318484739113 0.25230520651122756 0.8710408768731465 0.33426989206493585 0.2727272727272727
0.8009117612158743 0.890868067586526 0.3162872945450128 0.04617473014252993 0.2727272727272727
0.27723652231803775 0.005700175661739637 0.7405285568821155 0.8837265434031157 0.2727272727272727
0.8875458871597117 0.14241025608406888 0.8271872948550558 0.4028500389166043 0.2727272727272727
0.42925456510654414 0.2080213618963287 0.7416068502208361 0.34866705279813204 0.2727272727272727
0.34012955377281107 0.9869700093743192 0.9679667581932322 0.3181106795573896 0.2727272727272727
0.7995952754226927 0.9122697271845746 0.3181151618414907 0.1474250310130083 0.2727272727272727
0.42102828837120354 0.6782102222790433 0.25455498254365205 0.9462565439929878 0.5454545454545454
0.5139219870180619 0.13094668362622408 0.8981807287589436 0.9243118637069316 0.2727272727272727
0.26203654161361667 0.014522921288334323 0.8102666203281146 0.687984510124889 0.2727272727272727
0.7385030433259138 0.7414047041206449 0.8410292308896204 0.19086667341963537 0.2727272727272727
0.6204040914937331 0.10590964371838629 0.8226493502653747 0.35245752214805226 0.2727272727272727
0.7513900781561113 0.8404619222855655 0.09130189397474531 0.21188507893175146 0.2727272727272727
0.6680185701617009 0.837001462201956 0.09380434126381909 0.06601106441829596 0.2727272727272727
0.8326253961249633 0.8226391621820063 0.7857888316419464 0.2584785295337889 0.2727272727272727
0.3301079449500137 0.33978652363228945 0.5909783887055101 0.505905295568399 0.2727272727272727
0.5508543054517102 0.48863965775328144 0.41538156282955363 0.0609031647680226 0.2727272727272727
0.06461492459800722 0.16247027869006725 0.769837124214809 0.4111562893070907 0.2727272727272727
0.31061567801812096 0.9503521528555939 0.6593775777775257 0.20442764308829153 0.2727272727272727
0.6789770790858681 0.8160873480965806 0.30087418733050464 0.5946810006019617 0.2727272727272727
0.327674745426206 0.04163981798895189 0.9157829986061103 0.704141732747622 0.2727272727272727
0.010272729734587704 0.8246024917093564 0.1405875206949424 0.1451924424207076 0.2727272727272727
0.7663728329468196 0.7734830348449435 0.6096005527100415 0.5829882311661778 0.2727272727272727
0.6191991120886966 0.29575253932615286 0.8843251166969699 0.9700855676411839 0.2727272727272727
0.5431698539981947 0.01578729472183238 0.6338934906401208 0.7816805784035811 0.2727272727272727
0.3565893548205811 0.6170445755909958 0.8978790113504909 0.6637490868122474 0.5454545454545454
0.28183550096551047 0.7106845124194304 0.14607114058220427 0.002147983338632198 0.2727272727272727
0.9503144799445294 0.7213707098162785 0.30538604754145005 0.07787459814588216 0.0
0.429074073260438 0.248503041639748 0.8888032151686361 0.6409587789542857 0.2727272727272727
0.6423693029509323 0.9002115605677882 0.011419121491477835 0.269293047424217 0.5
0.0213495723773518 0.7306666717177535 0.03768192150936234 0.8201805633074915 0.5
0.07254891083916537 0.2749765100491448 0.12947398324965198 0.4873962204355563 0.2727272727272727
0.2727272898690464 0.6347111774003396 0.7048915111861694 0.7442451601871879 0.5454545454545454
0.49629759182541056 0.487238526024656 0.4345580452494222 0.35189761969940125 0.2727272727272727
0.35656023205033904 0.7549185329823445 0.5562966977645613 0.9773132225566047 0.2727272727272727
0.08217481560401707 0.38785875848325646 0.6141472642783166 0.5880054133452022 0.2727272727272727
0.7918504744017508 0.18066771888766586 0.9581413446796756 0.3737565126628889 0.2727272727272727
0.4368195669192434 0.1395032493624052 0.09626091386649827 0.872385153568144 0.2727272727272727
0.9910177168063807 0.9394074993550973 0.6651268421823372 0.33715327985968246 0.0
0.032735318956928716 0.19995873013665422 0.97761744638735 0.8911019561688363 0.2727272727272727
0.435769096176276 0.49193838877945395 0.7180120149851719 0.07607272448339841 0.2727272727272727
0.532432913932889 0.27792523664510604 0.2924588614201338 0.4776643175106202 0.2727272727272727
0.99588378861374 0.23366617106142218 0.23052663164917797 0.9921091005718587 0.0
0.7224049010819816 0.7193335970699274 0.7268255365186446 0.6739480618496818 0.2727272727272727
0.9832926543181504 0.47504887778787974 0.26066168958336133 0.20932864996782918 0.0
0.23271547173647333 0.47517953988719175 0.6736640101883627 0.17526574293619845 0.2727272727272727
0.9455634566440637 0.904659965447353 0.5642278217271781 0.5303621505102717 0.2727272727272727
0.8329473642835507 0.8318169591858684 0.5190642661628793 0.42517998534694246 0.2727272727272727
0.018722608461268386 0.7959428579343163 0.29975309302621 0.6903284643852722 0.2727272727272727
0.679600153915988 0.14014348156393008 0.559873846015138 0.7561365063214021 0.2727272727272727
0.48719825398148475 0.6701962133669406 0.915465123127905 0.31813666716412914 0.5454545454545454
0.4199253003083505 0.0003761368300188028 0.4070315173171952 0.09666557791503028 0.2727272727272727
0.09360492759300121 0.5371431923720116 0.5848609667083096 0.5361400618250636 0.5454545454545454
0.4146470665218739 0.7354326852090608 0.15521350059332062 0.16200849283836993 0.2727272727272727
0.677718807852077 0.10946107785687231 0.9080605784239902 0.19394077948714905 0.2727272727272727
0.8211313426376989 0.2334988453120601 0.40693167528744256 0.8499875352341223 0.2727272727272727
0.3658461982141201 0.7410988799103426 0.36023459867005925 0.08890132585273292 0.2727272727272727
0.4816142092184814 0.11788534249754035 0.2820142320438944 0.5009209072532247 0.2727272727272727
0.2955780074157546 0.42507989290904913 0.9615926849258276 0.17770739669985325 0.2727272727272727
0.6505592796245075 0.2847361962836863 0.9881576348929342 0.37220279567215364 0.2727272727272727
0.9785492600939335 0.5703762044148463 0.04864295924445727 0.9562239007635441 0.22727272727272727
0.8131421391341226 0.04101301797774071 0.10989222072012228 0.41277589000779846 0.2727272727272727
0.8271956605268888 0.07814787425580205 0.1638833432021698 0.5655261179076676 0.2727272727272727
0.493517232501269 0.389205721349588 0.7196194870647472 0.010772284105220353 0.2727272727272727
0.009570202061169875 0.03928033526881214 0.7138794162804499 0.1178372937838087 0.2727272727272727
0.7817015334634283 0.6993366981536487 0.9322805592183355 0.12476298746461545 0.5454545454545454
0.676189816701302 0.5892880101945734 0.0015645384339261215 0.957654714801604 0.7727272727272727
0.9711155073964443 0.7025937033116005 0.03563340947646054 0.5365900589648669 0.45454545454545453
0.8899730936920084 0.2581949954397984 0.1447038547493098 0.8518065730710362 0.2727272727272727
0.5485729403512281 0.06439693189218798 0.6403123796815908 0.3022722510074314 0.2727272727272727
0.24006559983516085 0.11403853210902337 0.7039457331788358 0.8232696566673711 0.2727272727272727
0.5610759120230326 0.8693200463235401 0.598459769975071 0.9447062146794741 0.2727272727272727
0.07566439258853197 0.224278780255327 0.7488430392159893 0.9000562765039055 0.2727272727272727
0.05152572389298704 0.13577048024275562 0.925154907761764 0.012258216010733958 0.2727272727272727
0.5275223184744762 0.5967652016683582 0.342372607580706 0.420548754168933 0.5454545454545454
0.08905111202866178 0.32481340959305594 0.6952897973370529 0.4257568221275462 0.2727272727272727
0.785919977482557 0.4703511728154558 0.6295159568238474 0.5994853355877113 0.2727272727272727
0.5471551371929718 0.43163018478354453 0.10725713818364646 0.6265025189601651 0.2727272727272727
0.592091896035036 0.93934106716629 0.45942360848700003 0.9551803573170626 0.2727272727272727
0.09926121879229055 0.5110351512389311 0.9714094280079526 0.48025777937216596 0.5454545454545454
0.21645952928159684 0.7553885713152513 0.952814164000931 0.5443362229510028 0.2727272727272727
0.5383020067056159 0.5828378536939021 0.1989999797854125 0.42111289259513285 0.5454545454545454
0.2857307712242122 0.9185381135666447 0.37738869584083046 0.2309968869271979 0.2727272727272727
0.5103644523412585 0.9195591272452033 0.9772217362884927 0.3337667577435335 0.2727272727272727
0.07945345448243701 0.026880819911546228 0.2544344244293667 0.8126812993373881 0.2727272727272727
0.25238355816947333 0.642030874787215 0.2538526675102656 0.5402375483803409 0.5454545454545454
0.11820052401013215 0.8979001064363904 0.3784055379752236 0.293709097661233 0.2727272727272727
0.05290667584317699 0.19819335396149562 0.12635830929667413 0.08753362320686098 0.2727272727272727
0.1300030189031418 0.398835904130716 0.3757662843458045 0.8445727520888038 0.2727272727272727
0.22497174444939771 0.6786503526359526 0.8252285275566265 0.8700581474212985 0.5454545454545454
0.028319421323805605 0.19628073636807541 0.8024988979178164 0.43161362503581435 0.2727272727272727
0.09425533484791349 0.5743969696358601 0.41400786130146916 0.9561501831173131 0.5454545454545454
0.0733670992215033 0.7465673562288079 0.016930667544077127 0.9086896820875399 0.5
0.008616148421943137 0.1487438804841621 0.2882609623070065 0.11599629233073361 0.2727272727272727
0.6006765780778637 0.5462440828929447 0.8225152943334102 0.8680857736470068 0.5454545454545454
0.4114562998712722 0.5598011281812484 0.07023645044673466 0.5943183982253953 0.5454545454545454
0.5656683093479538 0.212227501362668 0.5170818098281817 0.6786736111362883 0.2727272727272727
0.7487436951088831 0.6722527508580605 0.5177162904408705 0.2529506511367129 0.5454545454545454
0.44972994801930233 0.8371929044829011 0.9381805685744458 0.09480057743898296 0.2727272727272727
0.049152471254650165 0.9482004881151856 0.7055586435873153 0.3236425705771504 0.2727272727272727
0.11777183651071121 0.0878974300705132 0.2071410997558013 0.619782183837445 0.2727272727272727
0.7201912724292796 0.5626307769760205 0.4318996490418019 0.26459488387270846 0.5454545454545454
0.86106975060356 0.5473885837616084 0.8876556704391322 0.571967708798055 0.5454545454545454
0.8701802498929666 0.6787123378731184 0.9382909907192208 0.521091517006017 0.5454545454545454
0.4860201619686252 0.019635076696839837 0.9890798330860978 0.6590941655238972 0.2727272727272727
0.39450966460070425 0.9652918316703892 0.03234526415017691 0.2754661258217792 0.5
0.07347804661287283 0.5633457283757521 0.4543381110132041 0.47233497823286663 0.5454545454545454
0.47047943692239624 0.16048540871775618 0.2088396587944119 0.9783794892451909 0.2727272727272727
0.04787887640081223 0.9931493509862515 0.3719649288773962 0.9154327888101688 0.2727272727272727
0.9558264039289432 0.4325499891115868 0.3389876145618693 0.43277678929074825 0.0
0.6518311967208148 0.3393329132064272 0.9154865897807404 0.5600650611271104 0.2727272727272727
0.77266241607143 0.980520766272414 0.2556131435067449 0.6498707989176439 0.2727272727272727
0.15431054197798555 0.2916753543299281 0.745659513269909 0.8920500022744366 0.2727272727272727
0.15244553530924698 0.6834216160996732 0.28967481856374455 0.8932162804751506 0.5454545454545454
0.832847112214641 0.2077959611361193 0.7624485120456002 0.8166437406946276 0.2727272727272727
0.13069363488814034 0.32716860978391393 0.697069089023227 0.5616180475548597 0.2727272727272727
0.9783328792638987 0.07547342701928406 0.4112727862045039 0.8058954472870256 0.0
0.3585679521890667 0.7754073877614177 0.06265065664348912 0.17708978085644644 0.2727272727272727
0.10459812865455786 0.6609530085031092 0.8063456218706836 0.10862115662877203 0.5454545454545454
0.92561394399315 0.7508349989981233 0.1522598547866596 0.837498236840638 0.2727272727272727
0.318969215697946 0.07823431390981506 0.41661971797159913 0.7957232684877565 0.2727272727272727
0.281518302182044 0.29024148417678375 0.6607255326764183 0.36106064326488485 0.2727272727272727
0.07148666648333268 0.40430768419250473 0.08826613274523154 0.6495773099467066 0.2727272727272727
0.020915020283762242 0.3013862006795026 0.8473400078088978 0.01938807299944012 0.2727272727272727
0.5193214113834805 0.9609380769683052 0.07466624937244859 0.6588223587640633 0.2727272727272727
0.35269133087452176 0.8343017216642221 0.342497234966617 0.5371170177987451 0.2727272727272727
0.18233555623410058 0.4656876028400755 0.4814874914794549 0.5908613495463403 0.2727272727272727
0.5574431931645256 0.11545590891751623 0.9697551646593833 0.8839722946350451 0.2727272727272727
0.25508082590218684 0.8724423665849352 0.8517018276439905 0.8291193025999073 0.2727272727272727
0.6710177591911661 0.7221096534115444 0.6220837223936765 0.9782549343177012 0.2727272727272727
0.42170384942323114 0.6765888691375055 0.8885030488560004 0.3776919668587022 0.5454545454545454
0.33224638852114974 0.7161505667064919 0.42217391695070605 0.9842399821329125 0.2727272727272727
0.09088727613524983 0.830155422275127 0.9933398440449717 0.5127864622633479 0.2727272727272727
0.5473102374334531 0.2988993149244974 0.07336598076315515 0.11744310498977706 0.2727272727272727
0.5061204939929317 0.41996649265357267 0.11530509023685531 0.145450679454866 0.2727272727272727
0.8015808587428291 0.992233981060033 0.26257156152936667 0.6769398716902485 0.2727272727272727
0.6097517105110818 0.1669564483269409 0.5764038319511674 0.03643754409799227 0.2727272727272727
0.20706535937682768 0.9081265726920795 0.46073857258236983 0.3489126063180876 0.2727272727272727
0.9538645549385059 0.12975086520269763 0.7296074874489322 0.02133634463119205 0.0
0.8074008017450015 0.33762236511503907 0.875767318137248 0.019580377961153306 0.2727272727272727
0.11325688203105766 0.18601004773903473 0.6507003454439523 0.4363490303673111 0.2727272727272727
0.8599972872549946 0.8727777462856283 0.46540586934903827 0.8230389386233433 0.2727272727272727
0.47105086703185606 0.9017130782761794 0.3090273731415317 0.2338098982516955 0.2727272727272727
0.2590903765895869 0.36353531271465844 0.8599042760182353 0.9651792036581505 0.2727272727272727
0.4536125489217391 0.34863907477286804 0.9331220742182941 0.3643058077130046 0.2727272727272727
0.3351115418171804 0.6172016165180364 0.1273492064219307 0.6685751811728583 0.5454545454545454
0.20384742093058938 0.8556860830349934 0.971465651996518 0.9545492246385615 0.2727272727272727
0.10318540194144166 0.47640172283155957 0.28313825683212634 0.824019927898976 0.2727272727272727
0.05834570234995917 0.22020967291426496 0.10960145065235627 0.3597564797322025 0.2727272727272727
0.596597882717447 0.11502576923090202 0.7234803034224994 0.035235960475374806 0.2727272727272727
0.3793075115158584 0.7100405702427748 0.34215041464790086 0.5734165490663479 0.2727272727272727
0.8984747834319782 0.05706275364886715 0.6096918195376522 0.449045359767562 0.2727272727272727
0.8509258912008123 0.7897139562254284 0.16148503702199746 0.32158837439285537 0.2727272727272727
0.005885632935665686 0.22009363559093476 0.11853029241165425 0.36821734651944205 0.2727272727272727
0.8735347774235248 0.19847314226568913 0.6768153471605086 0.5683079406121855 0.2727272727272727
0.5311097736879438 0.9609800892272793 0.8135375716079727 0.9775546755996494 0.2727272727272727
0.8643125162897927 0.28119482395999285 0.06254265589855112 0.9719705654609209 0.2727272727272727
0.29855768891966916 0.3916531275363745 0.4963449568510897 0.8111630188754735 0.2727272727272727
0.26855600034007576 0.11922058475564701 0.6183440060535866 0.5990020490924128 0.2727272727272727
0.03746753002188452 0.4317160617287673 0.44346025193188365 0.33506914752374206 0.2727272727272727
0.10156024510501116 0.24502354251314706 0.5748097124426077 0.8479622429418345 0.2727272727272727
0.5828735864523089 0.2556499512122483 0.07584889352435009 0.4433115989058132 0.2727272727272727
0.40759751972820224 0.5498049317391387 0.4875318490231444 0.6620944534190009 0.5454545454545454
0.3021852657768548 0.42408719845300624 0.7213657947291432 0.8108967464946062 0.2727272727272727
0.0339267822298952 0.39767970423900234 0.7206664665567334 0.9439439122653989 0.2727272727272727
0.55906929907252 0.8208507048053197 0.9284949718531927 0.7712677813873707 0.2727272727272727
0.8872430689794023 0.40858485406766065 0.019648481506471027 0.2782541648704261 0.5
0.8633886377294016 0.010950546484452373 0.15601671750377177 0.32506802747172125 0.2727272727272727
0.4259066538701426 0.89705043172419 0.12295726895042502 0.6673613231698113 0.2727272727272727
0.6438357056409607 0.45643255466998944 0.6273574058472818 0.8058070655168401 0.2727272727272727
0.324398196305422 0.03977090761371771 0.9970957588809545 0.6190515113926048 0.2727272727272727
0.39189661419886335 0.3032031568840077 0.9938169052901711 0.9406982123254267 0.2727272727272727
0.8058121964137004 0.06646936983654905 0.3781320955694415 0.10143721031961961 0.2727272727272727
0.9205439705308983 0.533364286722676 0.23500623282688882 0.761484559099145 0.5454545454545454
0.43318444327746697 0.5499534920927514 0.01979049312614023 0.4536506443991355 0.7727272727272727
0.7647125600547222 0.5305283867983853 0.16088939768873245 0.030239802823068596 0.5454545454545454
0.9539530135652069 0.07789183164313984 0.18995749512784932 0.375637987748654 0.0
0.9421083557076274 0.18112870837045736 0.6019328093557484 0.546211724758762 0.2727272727272727
0.539701249236132 0.31631517047691327 0.06693398009385876 0.9266308898127582 0.2727272727272727
0.1894678200920321 0.25398815092911753 0.5242877704096401 0.9351261568490536 0.2727272727272727
0.7566979089443028 0.1093424502920558 0.824354888372435 0.8791789254310847 0.2727272727272727
0.6919434425026374 0.13007088146189005 0.4679008105548048 0.6001465161081555 0.2727272727272727
0.17704204665702505 0.22086768644823662 0.9858869309543628 0.3382149603637431 0.2727272727272727
0.35328085324411906 0.4699238936007718 0.31953534730406963 0.19488089276886011 0.2727272727272727
0.6151546235746478 0.06049753895534571 0.7131125711950679 0.7678261769824019 0.2727272727272727
0.7971187393880982 0.6283147470955467 0.15846423335798243 0.6688610602673221 0.5454545454545454
0.9878848620365838 0.8465661339127382 0.40577802702989185 0.38230407560305557 0.0
0.7637950864100215 0.09811845356935289 0.4782044280862202 0.5662566499224412 0.2727272727272727
0.581674942170147 0.882320584719702 0.6536650124552288 0.08381718906299185 0.2727272727272727
0.2456822549586959 0.9995011698738323 0.023395036255290158 0.08226831587380756 0.5
0.10761892290049324 0.5994288737599339 0.09477586548520023 0.4947702159118027 0.5454545454545454
0.615675913842368 0.28428355668953453 0.5945440620508525 0.8108402986990239 0.2727272727272727
0.814988497750653 0.552035888857732 0.6325300762822655 0.7728833602152378 0.5454545454545454
0.4699536459283058 0.2050993278024339 0.628640913460626 0.3907556537275012 0.2727272727272727
0.11593109888731168 0.47015531200530725 0.6107595273244449 0.3646044722038798 0.2727272727272727
0.7606606242929735 0.8095338265786224 0.6656730542619429 0.38232973844423757 0.2727272727272727
0.8845427755800087 0.45663954896223524 0.8503935506553372 0.9143433872131099 0.2727272727272727
0.48430012720207194 0.5097044232797494 0.6204030022755593 0.11261050779765802 0.5454545454545454
0.4947273222324837 0.8285420867590835 0.6096916547316855 0.7756306154014896 0.2727272727272727
0.6495430403576983 0.24269346541258774 0.9290936806762901 0.8818388854260916 0.2727272727272727
0.06648498152464422 0.20305230444423483 0.4067105370155836 0.28023466908477423 0.2727272727272727
0.18554140823814114 0.049659559375359374 0.5302326750989995 0.6489937501897245 0.2727272727272727
0.7712229640510937 0.6710211126397936 0.3505200291892101 0.3798478729109377 0.5454545454545454
0.13900750815984797 0.49357265955057217 0.5020664597061216 0.36492129060537404 0.2727272727272727
0.7303421212139305 0.4668407281983996 0.208948925408999 0.0369147869606119 0.2727272727272727
0.31732129475323 0.5942857919013129 0.4166077418029047 0.9911476777692743 0.5454545454545454
0.7955132595340134 0.32905706406484847 0.4698079967964728 0.549480978872015 0.2727272727272727
0.43355158613079714 0.7134134501032003 0.10997996296339274 0.28538966379243524 0.2727272727272727
0.656586158468844 0.32247161218073583 0.309710210112917 0.7172344214980755 0.2727272727272727
0.28165510394731486 0.3156944273358008 0.32050819183044443 0.763209980184568 0.2727272727272727
0.8684862358788263 0.6061343188402539 0.7690825287940447 0.055459918239399 0.5454545454545454
0.046116143743821225 0.45480448237862225 0.41750465888424226 0.5084785603111509 0.2727272727272727
0.6568284879744278 0.9639655331145441 0.16113743868047403 0.3678617161249712 0.2727272727272727
0.4549002853771579 0.9885660975246923 0.8636346320527605 0.16789310152126047 0.2727272727272727
0.3723129623218886 0.43784395699720835 0.508069350887826 0.3423857907104928 0.2727272727272727
0.09781242855012451 0.12344766196847812 0.33968414411056 0.3059343757821448 0.2727272727272727
0.4704972688759871 0.2981946669917469 0.5469219508486053 0.3726479466225915 0.2727272727272727
0.29589741150284987 0.34000238774528335 0.9022828934788973 0.40722421952090526 0.2727272727272727
0.048539295955152384 0.030685630656046792 0.6602213747529555 0.6618601565175369 0.2727272727272727
0.22502198998260792 0.8597930979933834 0.6388713289332488 0.13711618173675688 0.2727272727272727
0.8288426531173605 0.2908806127562392 0.7961281374342833 0.3397481443893332 0.2727272727272727
0.7600796530804722 0.6025944664523303 0.4093571101883362 0.359632926785201 0.5454545454545454
0.4833649408185945 0.9887222213471368 0.4278094665126374 0.24026052611669002 0.2727272727272727
0.4856872629361867 0.444517327947754 0.17144426698338544 0.6813299891260511 0.2727272727272727
0.158107075790186 0.7585376550883723 0.4080273052361315 0.6437927622707189 0.2727272727272727
0.2324163227472491 0.6104506183340135 0.16871958950083255 0.6593533728070423 0.5454545454545454
0.004298189308802436 0.7012840946731322 0.9230083295178672 0.20450961087947894 0.2727272727272727
0.141931105972406 0.9060721186545878 0.20700252405167252 0.3076649757903128 0.2727272727272727
0.45245315624138527 0.4355195099839877 0.24386844284872655 0.037422873022329606 0.2727272727272727
0.9406879042469111 0.34740053262894066 0.8916173854687007 0.1328759894496192 0.2727272727272727
0.059616216334637095 0.14433966863068948 0.5887530637586679 0.33086474485909123 0.2727272727272727
0.17829568376874494 0.21798485525522693 0.9338357057667794 0.8965350150918101 0.2727272727272727
0.06445641754334808 0.3535981858700993 0.37403505518273794 0.9529962596963879 0.2727272727272727
0.12164657260908995 0.6658121605009529 0.7230932003735266 0.009796893096514436 0.5454545454545454
0.5441543757584147 0.3716633794880292 0.9491680386927821 0.15259768629752368 0.2727272727272727
0.29700186140377405 0.5310123350125671 0.08886307942832039 0.34377116031186594 0.5454545454545454
0.967012619691748 0.7092124041270145 0.4002310663688379 0.9938495942393817 0.0
0.9323932684210944 0.6287591212151201 0.6009111863174356 0.03287968463338198 0.5454545454545454
0.5887206854980268 0.9371275723521508 0.7859630559050824 0.47110319187573346 0.2727272727272727
0.4750032335504637 0.45381509110931606 0.5077722179079092 0.9131667781839551 0.2727272727272727
0.2811435918217571 0.6265190607876385 0.3846792410529315 0.9851116664748337 0.5454545454545454
0.41525719056856103 0.6565488800223951 0.47138600655848806 0.3273674584514684 0.5454545454545454
0.6140367776780035 0.37972380986821985 0.7105351546513076 0.3418820033045409 0.2727272727272727
0.5560487754075928 0.16321188437161105 0.26058356523008575 0.2782814356917742 0.2727272727272727
0.8949238503746402 0.9999716747235912 0.522926795372672 0.5129131222134323 0.2727272727272727
0.9364489306160061 0.4902864936527732 0.28121433116521033 0.04815148063491559 0.2727272727272727
0.23882493394679294 0.59309698606515 0.371338414296429 0.43658744940687977 0.5454545454545454
0.22985027374972566 0.9296799252880198 0.6899122516049979 0.4473954575297048 0.2727272727272727
0.39813693824516305 0.6500851090734784 0.7232387268732231 0.5216395219188796 0.5454545454545454
0.7457000492892942 0.6886509515258745 0.5380639456520755 0.6580244289856264 0.5454545454545454
0.11311397590311767 0.09889974967928161 0.40921037542967864 0.14146924483662304 0.2727272727272727
0.06081033648036538 0.2646680093559076 0.5206373695662049 0.45098980846953574 0.2727272727272727
0.21719469499268962 0.9952750779220594 0.34555685800650016 0.33324711188265577 0.2727272727272727
0.39349227589215363 0.7775840339709628 0.05161354485368186 0.1969888714138054 0.2727272727272727
0.12325780882266058 0.5769544922999936 0.3083020032267252 0.12944593365153756 0.5454545454545454
0.6771546981376217 0.5654044822092911 0.760462680025823 0.6263649732461932 0.5454545454545454
0.3435620734248911 0.8615316677178178 0.15687959723331446 0.4739715415297412 0.2727272727272727
0.8831939366079276 0.9176998723955816 0.8216230291837974 0.592189910511215 0.2727272727272727
0.2352068840743341 0.362135868039818 0.3345915559010948 0.3104753720192692 0.2727272727272727
0.36125146143888254 0.8793516137818255 0.927531999720204 0.12950536423147285 0.2727272727272727
0.013697282934991506 0.05136998980201002 0.7179265143216479 0.9134869820436011 0.2727272727272727
0.8417583573484106 0.2552497822897475 0.7623546477121068 0.7285819478790982 0.2727272727272727
0.9069766238149691 0.9629910915505415 0.5633884152391172 0.8751615044962997 0.2727272727272727
0.3374937936926844 0.7493990246920392 0.6423634659087021 0.46994490360576224 0.2727272727272727
0.14940559584840973 0.577900647382113 0.6378078963585082 0.18287955195701122 0.5454545454545454
0.46726229749571757 0.9563705942483146 0.9056392855124871 0.12475307024603177 0.2727272727272727
0.7936837250166707 0.3308122921984129 0.2897427928892232 0.5814569341269022 0.2727272727272727
0.6270298376095957 0.13086890631763826 0.5959983356546075 0.8674651636215944 0.2727272727272727
0.5021234760843035 0.36160958970470924 0.3500713854778962 0.8204465274950957 0.2727272727272727
0.5678382292621457 0.7194396467462716 0.032515713730777995 0.7931427423169956 0.5
0.6444313559409492 0.6185850851082182 0.7228025721435474 0.7073892642155757 0.5454545454545454
0.33189081574342394 0.7536054344124651 0.12891780980875212 0.060004020581098105 0.2727272727272727
0.8313684963167811 0.7707271578750046 0.9229750853587911 0.5841861643942995 0.2727272727272727
0.749779166062406 0.6016991485371328 0.5733011523424373 0.6046170712236906 0.5454545454545454
0.4206493044115641 0.27530688437925244 0.12522943183178914 0.03477430792394143 0.2727272727272727
0.46776108871575806 0.4469991229843935 0.6195791265407203 0.46261654345587055 0.2727272727272727
0.2904820240916237 0.4026463105247642 0.06349043346243899 0.3548939661689262 0.2727272727272727
0.14992743024693633 0.5762757747086754 0.17133900173322802 0.7851428608698737 0.5454545454545454
0.18386835828892711 0.4564103227992017 0.18994025796158076 0.14286291746606572 0.2727272727272727
0.6455851970827933 0.9723909634545156 0.82008889724137 0.2671595498528029 0.2727272727272727
0.6768471620959658 0.968883491061405 0.3114380017621735 0.6278363582975469 0.2727272727272727
0.6275999446218843 0.39603980905647007 0.47811891917614524 0.19376131058617252 0.2727272727272727
0.38985918931764707 0.11621558779027741 0.5696617773513062 0.5119683584328678 0.2727272727272727
0.44834318547714513 0.19878107420933178 0.4054634482923195 0.9499646749757596 0.2727272727272727
0.1133524254427789 0.9293820145475178 0.5281618683361393 0.8424697850117371 0.2727272727272727
0.7251942714772508 0.9577819391862284 0.9910313299167769 0.3970584846436458 0.2727272727272727
0.923309069770816 0.6788044802593751 0.12637474137858373 0.44082870250361217 0.5454545454545454
0.7356182415211553 0.6357603600236836 0.9526828625880224 0.4514072154887665 0.5454545454545454
0.7065490963557691 0.4798715846526528 0.45226554161218324 0.6058725782184429 0.2727272727272727
0.5125578460925663 0.9052150182368256 0.8508751686304658 0.39039003799305705 0.2727272727272727
0.9165045228072726 0.060827566329723415 0.6599104127162799 0.8261327646268535 0.2727272727272727
0.48030264288380387 0.35499469897601865 0.25965555394190454 0.5469875449480341 0.2727272727272727
0.5950286559926201 0.8271382621073101 0.561030021393512 0.09069962295655287 0.2727272727272727
0.33979572207205444 0.03550647601990309 0.8908934920168873 0.6608330514823277 0.2727272727272727
0.9170865488035136 0.8269340240813917 0.8789767204918741 0.37852957455849534 0.2727272727272727
0.7424167162617155 0.6142961374408009 0.7576134134435883 0.07419067779651933 0.5454545454545454
0.26019571026023014 0.13534049255098235 0.337574670224547 0.7220143345915853 0.2727272727272727
0.4363096608436523 0.3698797626756968 0.10112209947536921 0.9372629648416927 0.2727272727272727
0.07113071711238927 0.8442447952432365 0.1512436763606254 0.2565939107512212 0.2727272727272727
0.9579929657862178 0.4614695183574077 0.48951901808173603 0.3999108597483021 0.0
0.09385085967399831 0.9363626403291925 0.9602826740417263 0.5108815887944269 0.2727272727272727
0.09472596907172837 0.7444065631010697 0.24462221836494547 0.9846127953675647 0.2727272727272727
0.9032530319170395 0.5646321674974449 0.13784257812488354 0.7019738302573777 0.5454545454545454
0.26669773461422486 0.9334500518877534 0.4957447485599239 0.2463636754471593 0.2727272727272727
0.17843777070259448 0.8647797803244538 0.03539287401215219 0.6334997726224121 0.7272727272727273
0.1256599851257839 0.6092169021154774 0.02123863102008805 0.8705474346626516 0.7727272727272727
0.9584751218035464 0.7446364782518299 0.5511222408298516 0.5589806658750691 0.0
0.35480937063083307 0.898774098399649 0.44431719434470285 0.6486746849075191 0.2727272727272727
0.8094692166637203 0.31871118548925714 0.006342484185414277 0.23363491511132894 0.5
0.37142489844577964 0.42901841458563605 0.028922401841785517 0.4209301518828419 0.5
0.9618626999868398 0.5031261757062588 0.27433799681623683 0.0348374905328922 0.0
0.32000791333236833 0.3547029083442773 0.05036696686281139 0.4909943541710875 0.2727272727272727
0.0977693912225116 0.041361767838980934 0.16199356213985405 0.6967180883735861 0.2727272727272727
0.8262447497510569 0.1446167726874874 0.23757589296853998 0.5472622211126158 0.2727272727272727
0.22091293389984545 0.7737699776477885 0.640297709256928 0.0708551460559711 0.2727272727272727
0.7787849840267349 0.34017558276855486 0.32130262663911746 0.38983262271455676 0.2727272727272727
0.8490991589926089 0.11606831459270017 0.1003074914176948 0.32370949410208205 0.2727272727272727
0.44654493575266363 0.08956283506501361 0.15683876390087248 0.8476764270347417 0.2727272727272727
0.6947583070503361 0.9549145428262629 0.5294619891996808 0.45877788362768857 0.2727272727272727
0.19706762610421857 0.03892523394173797 0.013122665944033773 0.9284710894626113 0.5
0.08278147142177938 0.9023860471396724 0.235722705292147 0.35450366577143066 0.2727272727272727
0.3207700256774755 0.8502589410077049 0.557609940900989 0.2277114420700016 0.2727272727272727
0.2597891330629015 0.1655613006291472 0.28965753735801425 0.8084582565441302 0.2727272727272727
0.2151485711041642 0.9354862361816538 0.7209997234304341 0.5080462526724723 0.2727272727272727
0.043191164930354686 0.24309437006176282 0.30046043912619336 0.2555476715496917 0.2727272727272727
0.2605438330714337 0.9545778828397641 0.6358481759563761 0.8510185623216545 0.2727272727272727
0.764056524071412 0.7690231336867638 0.46661798918152086 0.73603582363869 0.2727272727272727
0.9114029978865346 0.6873996654788933 0.8216599283825275 0.26965276087542 0.5454545454545454
0.9256560621865412 0.6522198625905812 0.5131992962083238 0.5197097011319383 0.5454545454545454
0.48379742041810725 0.9285126312063311 0.7709343291928932 0.13535718081655435 0.2727272727272727
0.03232497789626909 0.7426642195807104 0.015087937980383548 0.2822940179248902 0.5
0.3955072280459503 0.5515132036394805 0.42252030954897657 0.09721215370057856 0.5454545454545454
0.12672515296136877 0.3673947147061224 0.8257291132914375 0.8909880804092005 0.2727272727272727
0.04083309196588536 0.41888239414553774 0.963080891992928 0.1706786064409409 0.2727272727272727
0.11754226444147986 0.6122169898413995 0.01872375797148107 0.040253822227258595 0.7727272727272727
0.8783551391243803 0.3177737818539679 0.17956644865324245 0.5255680429580255 0.2727272727272727
0.7678779293278899 0.614757390566304 0.28624523719717854 0.8786517647353744 0.5454545454545454
0.19541301375802456 0.004706509482801158 0.3767457038428944 0.3752846469495714 0.2727272727272727
0.40474208015727264 0.5229519471434976 0.8853091564791279 0.434641707812096 0.5454545454545454
0.21443386318691737 0.3540801573043276 0.21374353498660748 0.9203212305669114 0.2727272727272727
0.964844794039846 0.042626096811616665 0.5605854927833996 0.07735170127110824 0.0
0.6465130113192983 0.33693263703645626 0.9339857367871228 0.6072895281691401 0.2727272727272727
0.12023884606660007 0.6095576907244505 0.00589666303978531 0.9580148538868228 0.7727272727272727
0.0538727196514055 0.8642435953837857 0.20659550115950698 0.544955077611724 0.2727272727272727
0.1065396533155123 0.9138019176761359 0.8909786855575313 0.013026103934757116 0.2727272727272727
0.21708412969766544 0.3534531535901031 0.7429558282903067 0.5761847869197164 0.2727272727272727
0.4118275388135655 0.23611908124566505 0.688449126076767 0.3757413164452138 0.2727272727272727
0.5128096053360798 0.9250126136828347 0.4242727326642364 0.6039402288317219 0.2727272727272727
0.46431689872775905 0.9350503353019778 0.6026212351064242 0.8413621789858684 0.2727272727272727
0.8445068190929805 0.3342361438658531 0.04201855435047763 0.4214922524787855 0.5
0.572136085614817 0.8945234680351032 0.7249892150912939 0.27599575791939757 0.2727272727272727
0.7838260444883711 0.2993513795641243 0.5093237773557023 0.0033274683222265233 0.2727272727272727
0.6635722289686771 0.37672877858147635 0.8251839112974453 0.9978587894588702 0.2727272727272727
0.4798241514735425 0.9222577801719029 0.09982414924260063 0.7813277316069561 0.2727272727272727
0.8761827985555445 0.958881106886833 0.6010389908760279 0.31031214061359813 0.2727272727272727
0.46911251976929425 0.7765588478414982 0.3323546104539469 0.006635110349321294 0.2727272727272727
0.25570993941380205 0.05046212280786955 0.39097685404622684 0.2501706318617716 0.2727272727272727
0.10884994148433369 0.9951755123583359 0.7186620780662449 0.817673928476013 0.2727272727272727
0.5184732691896018 0.5433549650344754 0.8151869154550246 0.7866628551417442 0.5454545454545454
0.600632583914713 0.6489767158532131 0.6897808349214668 0.5915884705696244 0.5454545454545454
0.20101994856530436 0.16111789270243126 0.18889179629956399 0.7299598473144383 0.2727272727272727
0.33337141693473216 0.14165790337574913 0.2134078392142973 0.3433885230707774 0.2727272727272727
0.1604468970533618 0.6592452012396119 0.8696037233065961 0.5688496105963645 0.5454545454545454
0.10506654464577281 0.1740811195240224 0.9813081802565999 0.8186667597520824 0.2727272727272727
0.9486165752086816 0.474832467346618 0.9535936569549054 0.36126033050852946 0.2727272727272727
0.7207170062483179 0.8837617817580375 0.013181165720441923 0.8113650700092985 0.5
0.28851778707949804 0.7008844616592421 0.9728934567416928 0.750514465054138 0.2727272727272727
0.9359785710153441 0.6435676019729595 0.47668989956355357 0.1709201238286221 0.5454545454545454
0.48072897813648363 0.6575883017113361 0.8747745133686751 0.22950103610766082 0.5454545454545454
0.14207930406411817 0.6175012198046022 0.6418657733652033 0.2355568237004957 0.5454545454545454
0.3473805623703746 0.4275089174247121 0.01955580051408068 0.9952239532985204 0.5
0.8049027815889451 0.7312451917388175 0.5197125836921332 0.33839993262985635 0.2727272727272727
0.3515929231362577 0.7745402520713787 0.38998515359649477 0.6712881899762987 0.2727272727272727
0.14554874888162395 0.06401971070956314 0.32517023050000404 0.951989597003553 0.2727272727272727
0.9789792388529808 0.6221135409589988 0.2620153207859266 0.06962602269927298 0.0
0.25972986551656707 0.5721818341594822 0.45416772803853456 0.38786175067132533 0.5454545454545454
0.4572269342871512 0.3605920712473659 0.045037659595930424 0.38999736569310683 0.5
0.40701087347335674 0.25875439807107836 0.7689895291634031 0.7101320936471972 0.2727272727272727
0.4973655585006548 0.6152724409035724 0.9217222422288139 0.6409140958965978 0.5454545454545454
0.9359810361345335 0.08117076658698585 0.358307535303223 0.38740444961541165 0.2727272727272727
0.8636237941596787 0.07219017171473696 0.6185700005149466 0.41665388924826163 0.2727272727272727
0.2356855303702371 0.47700785855499284 0.11159437039354514 0.7248869755667323 0.2727272727272727
0.679670780878129 0.3972680955135718 0.055490363931796516 0.7520317268824048 0.2727272727272727
0.6525064462862039 0.18299631951959627 0.4234502314675461 0.5924491616013894 0.2727272727272727
0.16656678232714994 0.7082271246069519 0.9685458869460144 0.9560401008042562 0.2727272727272727
0.292680610125294 0.6625985768192365 0.18227420027686514 0.16341867893167195 0.5454545454545454
0.4087054714184102 0.6932078313201543 0.05847126669145786 0.6673664996202302 0.5454545454545454
0.42893856854997103 0.8684930501726122 0.44062898037097287 0.647803195860456 0.2727272727272727
0.05130454132560003 0.15170612266770278 0.14648410101843046 0.2580765600077045 0.2727272727272727
0.9004494202076244 0.6149730264325303 0.9354641025477969 0.46321223253378196 0.5454545454545454
0.8203364904636719 0.7601702242626545 0.16097527836340408 0.10454366169655616 0.2727272727272727
0.4075299063533806 0.06177478726577457 0.12808301153745016 0.18780464256418183 0.2727272727272727
0.9480110669266342 0.027136303690348917 0.3614304706021483 0.9525786445274317 0.2727272727272727
0.9639111338731726 0.3702892401235348 0.289152912704015 0.9563419903939758 0.0
0.033662250149654516 0.6352495259920623 0.08330364372625321 0.6034391906462204 0.5454545454545454
0.8290848962613613 0.5129141247474133 0.7242356811997442 0.1338232616962114 0.5454545454545454
0.9655760686086924 0.36869322752522626 0.5674033789396179 0.9293933554431132 0.0
0.07493517273304517 0.34520527218867314 0.698033404328832 0.882820926821175 0.2727272727272727
0.2737711087546626 0.3880302007805353 0.20112966018046075 0.7645594946306442 0.2727272727272727
0.6256852919273338 0.9099907874356816 0.3366958359224419 0.6309677756483035 0.2727272727272727
0.8362175222973628 0.7164898434737316 0.9216091196742595 0.997014226850389 0.2727272727272727
0.8428686246755698 0.7556575579600284 0.46486703626257253 0.9013799688075839 0.2727272727272727
0.9719587107103642 0.17924482045404344 0.05722425231062522 0.29191603220473106 0.0
0.0668054407764197 0.8489409145706617 0.409945697019264 0.9518549022142555 0.2727272727272727
0.6234567818455283 0.5997930064088957 0.3961090327529039 0.16374080809323055 0.5454545454545454
0.03126970413425023 0.6817630522019974 0.4594971328458478 0.3443087666187774 0.5454545454545454
0.7199440166583632 0.3703978551951196 0.7215840845932233 0.41309326105064936 0.2727272727272727
0.5175010724977803 0.8995695737455226 0.32027830182550776 0.3024025134846091 0.2727272727272727
0.0005582766018928931 0.6029822680067732 0.01292143606068552 0.9340849209237397 0.7727272727272727
0.6636888990638863 0.7900922946824612 0.4360618254088042 0.809342640640322 0.2727272727272727
0.4460135174955121 0.9416786588116138 0.37997780179608376 0.6393166536859612 0.2727272727272727
0.32128237533512105 0.0758548062506349 0.6738688654973057 0.5199819124818068 0.2727272727272727
0.7199794467719516 0.04858989600224051 0.9918130760515587 0.5394966047378473 0.2727272727272727
0.8135051762855295 0.5469335039182441 0.14580762969711059 0.8312811654839098 0.5454545454545454
0.4713418171850031 0.37172197714604727 0.4607164809390767 0.5682382301042141 0.2727272727272727
0.3392893321524304 0.966921481027269 0.5253939157841415 0.7128824838652676 0.2727272727272727
0.43636060861376724 0.38934774149861595 0.6948315119087831 0.8113491559170628 0.2727272727272727
0.1471417408271366 0.1705704890356361 0.017971699997309964 0.1628717917452316 0.5
0.6517555815922701 0.10237346103905143 0.4488602768045631 0.18531833272022658 0.2727272727272727
0.2530140452913229 0.06930556456157866 0.12299652667736294 0.7921218771367732 0.2727272727272727
0.530985272050811 0.8718033165295546 0.6689138836158867 0.8917133463655045 0.2727272727272727
0.8780907719920402 0.3833652560180457 0.6166614348480134 0.5638045516062328 0.2727272727272727
0.7438572021670619 0.46882930876707285 0.8673394366229 0.6704979909304699 0.2727272727272727
0.5101943877057261 0.6065192681730529 0.4478620035701736 0.7918659291485801 0.5454545454545454
0.33399186993055174 0.46076204531147946 0.44825595051244493 0.4395666098891936 0.2727272727272727
0.40273069478827084 0.17365973706736293 0.04193870047912618 0.8657137514413191 0.5
0.9695042214538593 0.11044771186146196 0.675162396701135 0.23220766565290918 0.0
0.06855206503828071 0.8948674360588089 0.013903359850168107 0.9283506033746592 0.5
0.42511501071151336 0.8491466007940093 0.8835033328700798 0.5421535243806035 0.2727272727272727
0.4344685823086847 0.4618821180584719 0.1967246413335868 0.09852436424231881 0.2727272727272727
0.55361265641282 0.9586395399112251 0.8770123754710483 0.09244443288599702 0.2727272727272727
0.8171769578875083 0.5333242379882386 0.4363345109831632 0.7152351928016055 0.5454545454545454
0.3587311911308739 0.1234493690477787 0.23571504133556165 0.3414230455170517 0.2727272727272727
0.6246265521252656 0.0885809891920214 0.04554622463183511 0.36432910418484454 0.5
0.2396879977946863 0.4731215986404227 0.5741885991238106 0.48032327256886787 0.2727272727272727
0.26666971618229707 0.9231145983745036 0.6613985721858935 0.9606563083486453 0.2727272727272727
0.7403239571757934 0.4165002815235026 0.6690067356795384 0.6233735691904183 0.2727272727272727
0.03170717527198519 0.5051513790005026 0.24022519394383357 0.7831376048343611 0.5454545454545454
0.18854029303432007 0.6645280083616248 0.32061377263986 0.3556616270895824 0.5454545454545454
0.032662546929156044 0.6928595226681378 0.9873796283451598 0.01806935884437677 0.5454545454545454
0.2708345990787032 0.018060248005359658 0.11880266904055559 0.6810541323335212 0.2727272727272727
0.5047892338645221 0.8499008896372694 0.73526065415838 0.16114485347449936 0.2727272727272727
0.24312882616199605 0.7855016404848976 0.7319834599747111 0.8242028322413298 0.2727272727272727
0.8794023118339948 0.985393922068985 0.9264569061135689 0.861799949606021 0.2727272727272727
0.5744657403065925 0.503415980579888 0.6052295457246448 0.8672195684261873 0.5454545454545454
0.41044955423379503 0.5958390046325213 0.8096198722746104 0.6271970650798103 0.5454545454545454
0.24525418848737368 0.5658224748590817 0.5344715629736186 0.5192746483304687 0.5454545454545454
0.7805932621547704 0.48037841479111765 0.8632750989901391 0.41492720443150555 0.2727272727272727
0.5640185681199174 0.6310930035089524 0.8356628736953644 0.7466299494433871 0.5454545454545454
0.18993772356341299 0.7095400435498728 0.022532289669374594 0.17198673219120986 0.5
0.8192764324689626 0.4916591596529474 0.6031114053403106 0.6365806518237681 0.2727272727272727
0.999195411229325 0.4683698412451046 0.549940600372995 0.11208935876631576 0.0
0.9336988987847635 0.4472567847770115 0.7149126394746124 0.21650379254683083 0.2727272727272727
0.6672787467093354 0.2474347484220385 0.9113567629263969 0.6750272056450916 0.2727272727272727
0.6413289778824333 0.2744803544139047 0.7179746682767818 0.2141629786526521 0.2727272727272727
0.3016281157272185 0.15964041835804899 0.8627577237261085 0.1919125319683056 0.2727272727272727
0.6152711403126587 0.4750125362814719 0.12263424289344593 0.9716379471998193 0.2727272727272727
0.7892832654188694 0.8446910307233562 0.3040997710696265 0.8582880761725861 0.2727272727272727
0.906160644961425 0.1557140814105331 0.060811088930345814 0.8633501471163311 0.2727272727272727
0.6370188316050973 0.15098124172963856 0.5101297847877424 0.7664548271758638 0.2727272727272727
0.48708464551772157 0.8665038117099367 0.6674448428493727 0.6705064753595315 0.2727272727272727
0.24576706468088205 0.5951633868953493 0.4827296620311988 0.9159779082947237 0.5454545454545454
0.5133300967321157 0.8365306998487767 0.8006568593127251 0.4208461494772724 0.2727272727272727
0.031828354623016586 0.231081581249294 0.5976022524634639 0.8629527187661614 0.2727272727272727
0.14708123252887917 0.030750143186183854 0.49417415625980343 0.022999190897549537 0.2727272727272727
0.15466564303433117 0.7347478748863521 0.3710260423916456 0.910925817821376 0.2727272727272727
0.6444132071885007 0.11642672920652386 0.6309928140177592 0.9621119906721162 0.2727272727272727
0.7186201619472158 0.7082055597970548 0.23917229357972614 0.8725474069642272 0.2727272727272727
0.4360021332412657 0.1261568700041239 0.4096730722759109 0.5629931348798075 0.2727272727272727
0.5760109681952139 0.8036281891984474 0.12288291702522525 0.8971093846722386 0.2727272727272727
0.9657085820856108 0.9579717034176439 0.18383777061209194 0.34117198427353557 0.0
0.06375238655476234 0.711423440407574 0.5923639839752058 0.43667483254187833 0.2727272727272727
0.8002892595606819 0.14066976956220467 0.9955969640564373 0.5020038821133272 0.2727272727272727
0.2376740433498209 0.5347116285424566 0.34301931186596324 0.3652554079273528 0.5454545454545454
0.29095146185254084 0.6493769218353825 0.1105134727996182 0.46441453209497974 0.5454545454545454
0.3249042531447154 0.925085493870891 0.9839145545618545 0.21971655927916112 0.2727272727272727
0.7739465832094359 0.27477564440794666 0.7592136295887913 0.5756615495424204 0.2727272727272727
0.06394585063102787 0.17819488051847265 0.7784435394415248 0.40943307728443445 0.2727272727272727
0.5393043768862074 0.7598638780114186 0.7573341423098504 0.14171183233426365 0.2727272727272727
0.2619094557976894 0.24116640229409614 0.8871495110753564 0.0450483392123866 0.2727272727272727
0.3445089336305177 0.002478138435557442 0.49963090273523014 0.6556358263542543 0.2727272727272727
0.6005662834037178 0.9839163555455397 0.19622731926181103 0.33276020657869887 0.2727272727272727
0.5710049892445619 0.21477758442585293 0.4349818265534986 0.4729420353299013 0.2727272727272727
0.7867999474563409 0.12483750991370912 0.008549548712561306 0.42676167562277734 0.5
0.2651753518893287 0.3031943143495893 0.41511256358746473 0.35770478321175303 0.2727272727272727
0.5316000762621761 0.500151421287287 0.6886716735350553 0.24067265667465287 0.5454545454545454
0.10093272730445102 0.6752933843742138 0.5590841091610316 0.8104830479115175 0.5454545454545454
0.8234635254189739 0.5662496094535456 0.5157259785865338 0.5304654351631375 0.5454545454545454
0.9666486433705238 0.3124107505751984 0.8415819509313498 0.5110972906456156 0.0
0.7548712433791466 0.5347703434357308 0.7694414277750647 0.35009361900520886 0.5454545454545454
0.022185753603358838 0.8181700477657078 0.05472412131524329 0.5207281816453054 0.2727272727272727
0.2390289951778486 0.6387527536103937 0.01937663168222603 0.24250119629343425 0.7727272727272727
0.9769341968341823 0.7859471824141732 0.3294796724593617 0.96732971629809 0.0
0.5495948740236164 0.15333067959547897 0.18786189155999744 0.253388573323304 0.2727272727272727
0.8144272880337914 0.49904735931491584 0.04402388197209883 0.32257320195394545 0.5
0.12902225701756898 0.5447539340919425 0.23179667950870986 0.9001153701059948 0.5454545454545454
0.4667943059022098 0.23200140402482516 0.5789622622381038 0.7144125273677323 0.2727272727272727
0.40017121929262855 0.04082101340031208 0.48715321898437325 0.31018932278527367 0.2727272727272727
0.8134939433907994 0.7933047264894763 0.22085083296815367 0.9805264302863129 0.2727272727272727
0.3616689785968289 0.20380282907826408 0.13845652094247285 0.45770136168779296 0.2727272727272727
0.9359844437093054 0.8696031189904453 0.5799344369705178 0.7160903561861763 0.2727272727272727
0.7771987808205509 0.8147741752069325 0.08358163271636476 0.2103081661088041 0.2727272727272727
0.3709841125342862 0.22166099434051179 0.23693086895634452 0.03899465191155593 0.2727272727272727
0.28205456263804596 0.8570398393045338 0.3153132355424184 0.34289545680482714 0.2727272727272727
0.6507179682819352 0.7825637227246112 0.016900434405296205 0.47878792999327713 0.5
0.81700316034298 0.09335893722245825 0.6348421291455075 0.05818191571408471 0.2727272727272727
0.711336345018135 0.016971893535730587 0.6174897670270082 0.7398296579222716 0.2727272727272727
0.11028083909713537 0.4433158069471429 0.7565513275724783 0.2317595065774758 0.2727272727272727
0.49548831945356964 0.007610393895068568 0.1421491303841973 0.6642329133663417 0.2727272727272727
0.14024619535955785 0.06992673587754272 0.49106455595766063 0.2367592499042146 0.2727272727272727
0.8407449639963401 0.7180258097494228 0.3735024633811661 0.6840267952699267 0.2727272727272727
0.3907385882197061 0.9992697561862957 0.2824349662978124 0.2449689365920643 0.2727272727272727
0.503151424915458 0.485916752554721 0.4064965567283386 0.16574071621057063 0.2727272727272727
0.8706774982331617 0.7756048868278145 0.5003400501749923 0.5706515928124276 0.2727272727272727
0.3002708246457918 0.22244215109779586 0.3643336156744874 0.9050478039348521 0.2727272727272727
0.7445426227084813 0.42971101350994745 0.8339333042727143 0.7300691833271411 0.2727272727272727
0.7847915154834748 0.2682592007129664 0.5321428042573358 0.6891731398390113 0.2727272727272727
0.9616851909518538 0.8101502256310005 0.010945700829702032 0.4453394734341405 0.22727272727272727
0.3807531021335331 0.49747720940747464 0.9335965114893545 0.7249868178286663 0.2727272727272727
0.15016900550666246 0.5479945907722491 0.4814263742066802 0.5699007704260319 0.5454545454545454
0.5709407515919293 0.8053261981978113 0.6497045499555135 0.21140889639337745 0.2727272727272727
0.9212465393014226 0.5090587178640144 0.008964576437666572 0.1258727507746501 0.7727272727272727
0.6907227380384007 0.4136115640514596 0.9685304153845797 0.37242390429602334 0.2727272727272727
0.24890703701397943 0.6532735097793987 0.12328473714762767 0.3453432329963154 0.5454545454545454
0.7847222279301406 0.37946958674464315 0.17525130071986883 0.9912337251454274 0.2727272727272727
0.9696707710062744 0.9086732075722157 0.5388360127428713 0.9716152300211621 0.0
0.02907032937091536 0.5129167166395961 0.10443922312475795 0.9893077382305033 0.5454545454545454
0.24123971973143876 0.43889324148367703 0.10131389636983201 0.9449178326577988 0.2727272727272727
0.6332514061117951 0.7882103648864343 0.6747662858768706 0.8560336567456653 0.2727272727272727
0.0810602275272383 0.9395481318113894 0.9500179796248915 0.7808655701973779 0.2727272727272727
0.4689627588200368 0.920576182828361 0.7726437123206206 0.517908388903108 0.2727272727272727
0.8188476259466796 0.8848838530579503 0.8903651925104273 0.5657426728074719 0.2727272727272727
0.4740750759551118 0.9746960582440787 0.7452399746025411 0.3489676327174379 0.2727272727272727
0.08777389828441029 0.031912810368143085 0.8159383104410018 0.6018193384907203 0.2727272727272727
0.13982355329959306 0.43605093042791243 0.3288624906007569 0.4724839760964302 0.2727272727272727
0.045290335309039254 0.5001213060652291 0.16244114581446079 0.5525824435020789 0.5454545454545454
0.2495055083157438 0.8338670362506567 0.5905575732844053 0.9905111423189069 0.2727272727272727
0.8275813072878415 0.34113477991373964 0.619024730548069 0.45806772705161536 0.2727272727272727
0.9106278294438425 0.1103643573312425 0.7281400171924826 0.9339333625185849 0.2727272727272727
0.02465122204406489 0.8137439605283048 0.2323507379860037 0.5319956317242649 0.2727272727272727
0.3758172901407201 0.5408292723886198 0.8339570758872134 0.6911358103885623 0.5454545454545454
0.2252882275767213 0.8946237744054744 0.2694281261372097 0.6963465818754249 0.2727272727272727
0.6031440303142505 0.6874731528086188 0.2233859350983266 0.8091696066591871 0.5454545454545454
0.907386531277885 0.34250311783321563 0.006468607863310716 0.1948768078274582 0.5
0.745921808038778 0.33721243028168624 0.6918835327103715 0.4753318742788396 0.2727272727272727
0.049282686816934373 0.36900921916512175 0.8045881150007317 0.353100241733766 0.2727272727272727
0.3216694740432041 0.0389064298066929 0.67669858539169 0.4351949916961575 0.2727272727272727
0.6128555681419705 0.37232451365401287 0.32099247376299067 0.6170214085190343 0.2727272727272727
0.09554646605547223 0.7181221032688007 0.6246662729567111 0.06263844772390936 0.2727272727272727
0.05474418132809178 0.9510776292611577 0.708411683092066 0.27362138782136014 0.2727272727272727
0.15881838773205625 0.7486579877368454 0.9999782491547392 0.025316045708343782 0.2727272727272727
0.19082367052475713 0.5141750786049776 0.7567681847017393 0.8721245565899851 0.5454545454545454
0.8010395129276585 0.030480837285893903 0.7468147661460723 0.9920832217566151 0.2727272727272727
0.6734705224995589 0.1987519398408042 0.3155424867392793 0.5126464898694919 0.2727272727272727
0.6269029499905343 0.3121958367154888 0.0822995371246521 0.0018690398276310916 0.2727272727272727
0.5867666524778115 0.307354013692274 0.4741406760580946 0.8014181035048907 0.2727272727272727
0.5637843912047051 0.9479586235060389 0.3037508918961329 0.17251746528395517 0.2727272727272727
0.42133390182285035 0.9114105820340824 0.154829099432362 0.8557607047837047 0.2727272727272727
0.0793336512562619 0.6162067358189045 0.5384016598477899 0.4415000194111731 0.5454545454545454
0.5414695326215553 0.8926490413587003 0.6119462226144579 0.13050339243361675 0.2727272727272727
0.37263212677021107 0.9919764285862103 0.14187001448370384 0.2779477027217131 0.2727272727272727
0.677902687725842 0.3965296343646689 0.4599081107361118 0.6098149401894216 0.2727272727272727
0.6809418378956611 0.4327976752455748 0.14120563892581717 0.25064065715236317 0.2727272727272727
0.8883773264021292 0.12620288360969978 0.9012557762143086 0.2071436465292983 0.2727272727272727
0.09323087133134778 0.30303665913391786 0.9431950630186824 0.3247846406579371 0.2727272727272727
0.7767482972070423 0.9097241612301631 0.9952189576636971 0.48847428928009606 0.2727272727272727
0.8678879333128791 0.16670954802187754 0.3411506903344992 0.9051143057945632 0.2727272727272727
0.19655226020775785 0.40120515779400767 0.07210531851345281 0.9736636686390311 0.2727272727272727
0.5763076328204342 0.6078008449711745 0.9209163272111807 0.26405822286840885 0.5454545454545454
0.7610528139647166 0.8172474268951997 0.9784541384700416 0.4306376438562408 0.2727272727272727
0.9580851008872521 0.5381964930295896 0.4368901729542707 0.6362913540845027 0.0
0.12172510769467515 0.9938554675194161 0.6769706260842515 0.034852353933727875 0.2727272727272727
0.25454115152453083 0.0029757545537215657 0.4370990439384077 0.5230032094656112 0.2727272727272727
0.7547564069530505 0.6829244552633846 0.7684246793839987 0.8935712558849193 0.5454545454545454
0.01848964067770298 0.9742241110522887 0.5486831735057104 0.3282802460152511 0.2727272727272727
0.4233276888306251 0.7300615210483123 0.7278782340076803 0.49086690264732646 0.2727272727272727
0.5184425201593266 0.6542603508087692 0.6370301699452676 0.8147518761836721 0.5454545454545454
0.8848701056328346 0.6031597188716983 0.08604050678667918 0.630103391257478 0.5454545454545454
0.8123189851804393 0.20183801882886188 0.34722282321886155 0.6103717038842038 0.2727272727272727
0.6783433757910109 0.44046682585862607 0.4578669132220897 0.035195952082598736 0.2727272727272727
0.7468391513597865 0.9311265647759874 0.2591562652274374 0.18516012591361475 0.2727272727272727
0.803461404191089 0.36710003492686116 0.7103065067648755 0.418703180642947 0.2727272727272727
0.24775341886496793 0.3997617835957701 0.5038798347849527 0.5487606892334619 0.2727272727272727
0.2156556568834841 0.8966048409974565 0.8366428907411096 0.4967006524880232 0.2727272727272727
0.1109695111575989 0.5481804503310688 0.7973542729145381 0.16096947091408975 0.5454545454545454
0.748033325032473 0.18972635822154216 0.2007689084894605 0.9453130618119783 0.2727272727272727
0.11396101695476213 0.6886182558494384 0.3146259461205686 0.6195723748527584 0.5454545454545454
0.5554088294635071 0.393386034268151 0.7021392526660654 0.705160443136246 0.2727272727272727
0.6334103169746165 0.9708331351727358 0.011657492583937112 0.7260081853160021 0.5
0.08039493450004254 0.9850639411237032 0.8939213975231917 0.9564593803059886 0.2727272727272727
0.9960876343736008 0.23535111184227564 0.46087706392423533 0.8841199265514949 0.0
0.3912739416277087 0.9040321383633939 0.11823112062096786 0.14307713822379253 0.2727272727272727
0.9926767095924381 0.41214601778527415 0.617039633565474 0.5341580178370935 0.0
0.7031093581113719 0.6464556702291425 0.2822237682641824 0.34174412501445517 0.5454545454545454
0.8547788704002601 0.8864078277037244 0.01901165238017888 0.8670400411644649 0.5
0.9030718659283685 0.4669982071378971 0.047464685859567535 0.24948972550436177 0.5
0.4214563195412113 0.21917306140421955 0.6697375187712995 0.8356204121880977 0.2727272727272727
0.403060668818535 0.505587719527263 0.35981577556847233 0.11389589702605529 0.5454545454545454
0.32042406545791935 0.5268830695779664 0.3618885276397814 0.7982065870347387 0.5454545454545454
0.6851623918855637 0.543388033627322 0.626892835589406 0.7790794474345154 0.5454545454545454
0.584564676818047 0.5270785847146228 0.5815919358243287 0.7364650814666904 0.5454545454545454
0.15820903393351338 0.4894710751859994 0.7535084881013749 0.9048275496033875 0.2727272727272727
0.4508439255353772 0.25993826479414883 0.634338597466488 0.917701156338807 0.2727272727272727
0.019494924556608062 0.7006872628678201 0.06316507518840941 0.965465225300195 0.2727272727272727
0.3560171195220445 0.8495051801044846 0.0012889140462615245 0.297573642750655 0.5
0.46734450650642423 0.03379271634917158 0.7101090764588476 0.7472667311576504 0.2727272727272727
0.12299322681902991 0.27572213758168806 0.6828449861764154 0.8854611773376307 0.2727272727272727
0.1706858250510801 0.6088480522224523 0.8374506842016741 0.9319304388150843 0.5454545454545454
0.5048164797742871 0.7736459111451139 0.27910780894960807 0.13704429860274547 0.2727272727272727
0.08032973751863626 0.30124817963490913 0.13492307714620266 0.04909211572869421 0.2727272727272727
0.20273035401787054 0.11234539523029707 0.0019576349782988167 0.9316758982842334 0.5
0.8878697078888323 0.9191706737922137 0.4744568510464874 0.4192709280663831 0.2727272727272727
0.003606452866559584 0.05713139753547103 0.8052098072109997 0.23505962921375834 0.2727272727272727
0.05650256690207256 0.826587051686492 0.43349920570688594 0.8747716991354376 0.2727272727272727
0.0214765047484482 0.49072195361215676 0.8242430269918043 0.04907390280268942 0.2727272727272727
0.9980507466565884 0.09891511568151978 0.05718396192840858 0.402354436635867 0.0
0.016813234727464654 0.9169030832394605 0.7269370458510351 0.6192668802746043 0.2727272727272727
0.7864092901873575 0.7809589991509673 0.13344462599930906 0.21467569519911534 0.2727272727272727
0.7221401658743599 0.2985723173101811 0.506007070660762 0.031021523251785865 0.2727272727272727
0.5437843156043668 0.6558909341691643 0.6502340090223658 0.6886118202242967 0.5454545454545454
0.1220329406386016 0.8489293771004761 0.8906834534072846 0.9846422561450355 0.2727272727272727
0.5760597160818314 0.20989896550671094 0.01503979197487737 0.8636511180689609 0.5
0.3667392258353752 0.49642493203475235 0.4875405884009374 0.12918080292048084 0.2727272727272727
0.21252871978195553 0.6421936249298119 0.03224278402137115 0.3136904163135239 0.7727272727272727
0.35089251750195594 0.9660432073284402 0.32671183088388867 0.374106082601512 0.2727272727272727
0.617163288322482 0.5687817064236601 0.20767756159524098 0.0010928116228761109 0.5454545454545454
0.3811037183718713 0.24562044877312827 0.636817482041553 0.871948116677945 0.2727272727272727
0.6686873207429358 0.582563626578935 0.7498518956339246 0.2193407997003497 0.5454545454545454
0.27785635615292714 0.02005107467474254 0.27916158183071815 0.19586460475035117 0.2727272727272727
0.4536620996416555 0.21512576652958548 0.599342101482059 0.07021113885355268 0.2727272727272727
0.9997228203302714 0.9838795707034519 0.931549005525215 0.9962949538953313 0.0
0.26096230338612914 0.738776773732968 0.4202668253466104 0.9154648496699721 0.2727272727272727
0.4277578731616589 0.7126434527612241 0.15104205886730748 0.6500938209244546 0.2727272727272727
0.8140695086332504 0.8406319464472366 0.8843116403684185 0.4537865051911808 0.2727272727272727
0.15978037483025798 0.45901417585199245 0.7694459219943908 0.11369088358003199 0.2727272727272727
0.21222963963454244 0.6096251307144915 0.9568740594924239 0.846932108208219 0.5454545454545454
0.35632565921626114 0.22146552994774948 0.7176621166227711 0.25551256977655 0.2727272727272727
0.48069522113628127 0.5832253466731987 0.5964211858324097 0.0785116974037744 0.5454545454545454
0.49759525626072776 0.7125021214534145 0.7480534060379918 0.08903882072104585 0.2727272727272727
0.8682434166676032 0.7877814451165722 0.37000058899822497 0.7188566723559631 0.2727272727272727
0.5119308336139143 0.8420504631457504 0.24380685823882753 0.11813582096047104 0.2727272727272727
0.5246344732237471 0.2122213071445559 0.5456686777816975 0.8288190015876674 0.2727272727272727
0.8770752610071211 0.5065288781577681 0.7544680345731777 0.5974630177738868 0.5454545454545454
0.6043814014869142 0.18953319296112447 0.21907239855174787 0.40325218166469645 0.2727272727272727
0.5437123740307056 0.4815511418947378 0.3902547693367824 0.4393900455747899 0.2727272727272727
0.1710103797864052 0.6787507890612288 0.2121895046921145 0.6927862952339585 0.5454545454545454
0.8167273220452067 0.8802012147731694 0.9173968419453697 0.8793667438196417 0.2727272727272727
0.7472055006674463 0.8430794640080991 0.7025526026366634 0.31743923295858933 0.2727272727272727
0.07790783260749268 0.7256351326006854 0.3787855085715074 0.2590561854746757 0.2727272727272727
0.38059620001494254 0.8826738920883788 0.7913561680918633 0.5285897494431773 0.2727272727272727
0.6314379343606845 0.4207465083165377 0.589519906805778 0.6214340552116752 0.2727272727272727
0.20021099976526346 0.26623348159301086 0.09663478905127054 0.6862003906248036 0.2727272727272727
0.0033899014170704067 0.5110089230896752 0.3714779413368018 0.30591758228238264 0.5454545454545454
0.9310579181876899 0.7717436120696621 0.788551549207247 0.724400918906183 0.2727272727272727
0.7919003569625002 0.8215700023731416 0.7415022235923052 0.08953395517061824 0.2727272727272727
0.7698642559037793 0.45914640483488534 0.5989784058843657 0.5217067560767269 0.2727272727272727
0.4763344916588409 0.7295568476681075 0.7614053225689191 0.7348495927203168 0.2727272727272727
0.8951613373516651 0.5743221419936337 0.2265776653090692 0.7714074877399641 0.5454545454545454
0.6895162108064133 0.007769615894997917 0.5056745245438559 0.20688291741732512 0.2727272727272727
0.3430167618392722 0.5211641198454996 0.5550050100199089 0.6878739100016915 0.5454545454545454
0.15380966720106892 0.7663431593709567 0.5534937742613631 0.12112843642983406 0.2727272727272727
0.04865366200246113 0.7976608576072503 0.15527714835450324 0.7824690900116376 0.2727272727272727
0.28016097947113405 0.5748682367560188 0.17431370768907295 0.4832581626700867 0.5454545454545454
0.1304734188007992 0.2537932622846214 0.4693683295772906 0.2499036615132223 0.2727272727272727
0.7333909649358801 0.12721460452748856 0.734133365179369 0.6632936867574201 0.2727272727272727
0.6762471785231575 0.7511431272019723 0.807907087270188 0.710425854947378 0.2727272727272727
0.32694126897575715 0.6973537052919745 0.17499047119682698 0.6339441432048519 0.5454545454545454
0.5359430641596441 0.19492335174283537 0.27102518843935386 0.13116173004733356 0.2727272727272727
0.04714157041631095 0.8022518528778706 0.1904891720586539 0.05009402079981784 0.2727272727272727
0.1462741804097164 0.3442705231285208 0.3286089248145645 0.33983333707624697 0.2727272727272727
0.08661482308973867 0.8012317319412657 0.44823518496430714 0.16991535068623653 0.2727272727272727
0.8088034880104372 0.6122355911674303 0.8838960523036723 0.4156414623063821 0.5454545454545454
0.30017653408436706 0.42597042054944534 0.19622695415381497 0.5347106710687836 0.2727272727272727
0.4409682553504899 0.5630812929880299 0.6361915151858163 0.6413487045518296 0.5454545454545454
0.326022998480632 0.6448140648979502 0.01882784007802607 0.517466118638589 1.0
0.061637086657785556 0.3678838420040378 0.6067564243912131 0.866052496031787 0.2727272727272727
0.7463854297277892 0.018234679002110066 0.703193780997435 0.16880385944651066 0.2727272727272727
0.1850496401288827 0.8862591644699415 0.8435258304935862 0.33250781546410957 0.2727272727272727
0.7445417986059228 0.9305302216203484 0.5429585528646576 0.7998599927767795 0.2727272727272727
0.4421542343916738 0.8120687193479672 0.665163010458848 0.6883199109326803 0.2727272727272727
0.2228024408616296 0.14270890380165724 0.280506189666605 0.26670684904602326 0.2727272727272727
0.6767532360721265 0.4217900270421968 0.583491589298123 0.6430898782117912 0.2727272727272727
0.28472767274503796 0.5748677109305544 0.24163920552923013 0.90272127181334 0.5454545454545454
0.5220963290252472 0.9040499799482624 0.37340965827577366 0.42331702291986295 0.2727272727272727
0.5960337735597243 0.4156214810566853 0.14265205136503045 0.5769844171556934 0.2727272727272727
0.7084945255706939 0.6343399896713897 0.4221579109079603 0.6814847444943013 0.5454545454545454
0.045308526433801566 0.8178077415976489 0.6956245474430336 0.2669368581228341 0.2727272727272727
0.7578339369667553 0.6391109323815564 0.17328447665178215 0.07730689908084065 0.5454545454545454
0.024108013691644947 0.7466188090780457 0.8752243752458122 0.5309766927067466 0.2727272727272727
0.45627785161333545 0.8578312456448859 0.6092412831748402 0.32329408103980406 0.2727272727272727
0.28204515208434755 0.9368534438754176 0.8008501754975601 0.5322164991102203 0.2727272727272727
0.5815756749336064 0.28562145237043624 0.45724114088637324 0.655497077951426 0.2727272727272727
0.9701531932639935 0.48057207063503127 0.19425768511232844 0.5268678871862268 0.0
0.5521424055301343 0.3732569596102998 0.3803254416105645 0.6629789400266474 0.2727272727272727
0.8268074590057519 0.2855223561295208 0.39374519579306244 0.35041936099633264 0.2727272727272727
0.48716826645843614 0.6034460590040717 0.8739741072900286 0.3684806113842336 0.5454545454545454
0.1242375795216053 0.6570266093044621 0.15113210904166352 0.6776083172441371 0.5454545454545454
0.8547448164349696 0.5130887991280487 0.5201010361807545 0.7031179865858246 0.5454545454545454
0.4861165765429031 0.684678679612581 0.2158001142085102 0.6200802084239256 0.5454545454545454
0.3090483628188734 0.8351124820420682 0.15672552238352844 0.595195155722589 0.2727272727272727
0.12185780136601299 0.2811622125093445 0.6707497553299793 0.5476703210202051 0.2727272727272727
0.05816553832624738 0.6786815682667106 0.7948732418282574 0.6758791831457621 0.5454545454545454
0.09863427372579214 0.9404677961630711 0.27105388140944875 0.9479166491030732 0.2727272727272727
0.9746389243129856 0.5333935511205505 0.33876769767759984 0.6775625360164403 0.0
0.8075046776053341 0.22631486565386283 0.5190076136306391 0.7539007270789334 0.2727272727272727
0.1422150101075298 0.9172931621734992 0.7463745723416028 0.1827508618341218 0.2727272727272727
0.5698800683219727 0.4530499633062489 0.59354940119624 0.2363634630612449 0.2727272727272727
0.3989546943436214 0.06496914997110659 0.36655430838651104 0.4113260836213847 0.2727272727272727
0.3208899386241245 0.9061953752049128 0.02272176678311766 0.36564809167584267 0.5
0.3743604698160261 0.9635811585174375 0.31051971789245836 0.3682411109351049 0.2727272727272727
0.8703419232936029 0.5026570408566958 0.5461307271659669 0.2891755474317269 0.5454545454545454
0.6871614019875179 0.7737164172848011 0.6812728482296346 0.5072455817033836 0.2727272727272727
0.10961267499256022 0.3419641230927005 0.171997473235165 0.8838954994745385 0.2727272727272727
0.21000735619268152 0.9903844137703083 0.896569455547704 0.8037721734881468 0.2727272727272727
0.3761945665591889 0.6433816039307783 0.22382266767846015 0.2601046257477373 0.5454545454545454
0.046230521860501694 0.8061791163648061 0.8982888198375255 0.679981458838687 0.2727272727272727
0.4736615861874528 0.580916212739818 0.7826648485202637 0.05778044758022982 0.5454545454545454
0.4012649743406418 0.6196363270824639 0.9178879938969454 0.7054701180534102 0.5454545454545454
0.11295371890323336 0.6331271619617672 0.5471359172077488 0.9401204265694064 0.5454545454545454
0.5931267725869842 0.5281793751468115 0.2087931302575713 0.5894493834927238 0.5454545454545454
0.6803324057012298 0.742510582603812 0.04298525076314785 0.3586673698872609 0.5
0.24544908394929754 0.11837303639614849 0.4710744995595324 0.9819453772563775 0.2727272727272727
0.6986948748994115 0.4157975890233655 0.39000979539420233 0.15388941156205294 0.2727272727272727
0.09677804083989927 0.9051172554866206 0.6263748746197724 0.8209852238302716 0.2727272727272727
0.2759676248637888 0.5615734421521169 0.014023115223262939 0.48221812367027406 0.7727272727272727
0.46418049796411354 0.36009690154508767 0.1958003630231846 0.9758638237450509 0.2727272727272727
0.5458084093177294 0.2726129522785813 0.6351054734299608 0.981353220786669 0.2727272727272727
0.0003570429590156188 0.6896261931373748 0.037333199517229354 0.09212369074859672 0.7727272727272727
0.5345443005172679 0.24134622354596014 0.9664645938545329 0.6378129918706562 0.2727272727272727
0.810894067966914 0.836746783382944 0.9692545485422749 0.20098682573739757 0.2727272727272727
0.8411625557297133 0.4302927644052603 0.061355141206296815 0.5428211676241953 0.2727272727272727
0.46918353283144276 0.5536667723121065 0.8249598682880968 0.3984287978827561 0.5454545454545454
0.9944868343046164 0.6488689751296574 0.22927257029236703 0.3328862860725187 0.0
0.2511020344378866 0.8493983109508827 0.5986957151483859 0.848727664193071 0.2727272727272727
0.36302105630858705 0.32352461432601565 0.48187303061445397 0.41233711260148875 0.2727272727272727
0.22867271874327244 0.3192337470969262 0.7311843409286553 0.005372140164622952 0.2727272727272727
0.6018437003498532 0.8357903663446804 0.09886907356933894 0.24441354044532537 0.2727272727272727
0.4601222663319888 0.9460579653381416 0.504090925599588 0.13941609354214235 0.2727272727272727
0.20190590802108133 0.9917775506480624 0.8569857089199506 0.14675191723526937 0.2727272727272727
0.20553336110012166 0.4419367306685861 0.8114673591058147 0.6925603267574039 0.2727272727272727
0.9114255637936207 0.28444677827951326 0.7339611300928877 0.4847236350886339 0.2727272727272727
0.7554699500193797 0.5922816436876595 0.09599858842482356 0.8391647514894371 0.5454545454545454
0.7009623133855406 0.7200388569479474 0.0835503858945349 0.29993228572865804 0.2727272727272727
0.5049344068384267 0.8508319897096558 0.46524242987118725 0.4413979031528965 0.2727272727272727
0.1605918045177679 0.6859971864641552 0.9768144982797703 0.5256263096489865 0.5454545454545454
0.5980299239897089 0.17931794639265175 0.6258780853065852 0.7957745022689398 0.2727272727272727
0.20296742610348484 0.6573169998767737 0.5491386282357056 0.34775591473595224 0.5454545454545454
0.04836535171345324 0.04362055692269584 0.34374545936476875 0.8888814007922528 0.2727272727272727
0.7176013499782427 0.9294852216296976 0.7472338730400296 0.568164228433273 0.2727272727272727
0.33617300370424386 0.24956847465314103 0.5231185504365912 0.5979800490758979 0.2727272727272727
0.9831622427392638 0.9697002235841684 0.8429304056366066 0.2800168484735367 0.0
0.2287252948464359 0.17562533235738864 0.7445119921425348 0.17886298032703463 0.2727272727272727
0.11924199882620246 0.41216403614092556 0.3521350202852992 0.756524053747909 0.2727272727272727
0.4826752895324953 0.11719753715263137 0.6141697239917333 0.47736928181675553 0.2727272727272727
0.5102263980387929 0.3975231497367555 0.36159448073680467 0.03482745865996184 0.2727272727272727
0.38904421107222786 0.6132553741720371 0.9059815029228093 0.49342321270813416 0.5454545454545454
0.6829273531476997 0.7785188124374478 0.11699465189230951 0.8335973168087508 0.2727272727272727
0.8017043470267567 0.8818689017475169 0.3051237447577101 0.28332899318671934 0.2727272727272727
0.12143912174623006 0.8945025584381003 0.3966535304560569 0.816197685203789 0.2727272727272727
0.5234320993651913 0.332629248567039 0.9007907242963602 0.8662815199150968 0.2727272727272727
0.38685243201330255 0.9022729695630453 0.3634361438939582 0.4908036668034106 0.2727272727272727
0.012134270962394611 0.8781139716986086 0.09314509676947191 0.8890275041944263 0.2727272727272727
0.3485321123306838 0.6012209340214083 0.1722461813588938 0.667510966371837 0.5454545454545454
