0.5653627149982748,0.27455770713426797,0.2538577087763334,None
0.7581166473998966,0.7455402036526935,0.19998062014083662,None
0.3996965170813068,0.13575971471972847,0.33805475429768084,None
0.10094107719173229,0.3743268608277942,0.6434384025113459,None
0.3091094100079923,0.8672869849591694,0.3868413243842308,None
0.4903996765240486,0.3004593872863871,0.31443423688317984,None
0.7908860083387516,0.34033271053648995,0.206673994017482,None
0.10323246156844512,0.01928321204456318,0.5844057837703917,None
0.4723794367714069,0.5798114924502356,0.790557795313649,None
0.5774717532851964,0.2034651009922176,0.42273831496073544,None
0.6914391088812568,0.44657138120632944,0.3990247601282151,None
0.23498279557483814,0.172870438449373,0.46955497934788637,None
0.795258448360299,0.5592541585139876,0.5455585425446852,None
0.05927458764180127,0.10025111998711278,0.4693503169727591,None
0.15021327959029152,0.5420199061526915,0.8908304470016003,None
0.5308652397906658,0.5139620510745191,0.747179487593354,None
0.3303569464252232,0.7603498496138027,0.8666249132915568,None
0.7695821313526848,0.2937648555821356,0.6766156650690051,None
0.4491977509610773,0.8831097441999771,0.1842631662554215,None
0.8370521316712184,0.9627476614025882,0.7423975524200408,None
0.6823072264086842,0.08222463669467461,0.3231874963442206,None
0.3582973911118793,0.899503678926632,0.7517905174551703,None
0.3080864434937194,0.8021106466100947,0.03293170387509925,0.184657833978776
0.19485633870096553,0.3729172445467348,0.011447545972747664,0.7535907863844351
0.7360790641628684,0.4687539226667554,0.5511401106313352,None
0.9777855412843077,None,0.49288701009397506,None
0.3688023676232792,0.9042615582274808,0.3296613880184458,None
0.40593551741099776,0.5749395109292186,0.4978536148761711,None
0.5365205104295936,0.21646836949222537,0.7669248412173416,None
0.5791365379405317,0.8807669934673686,0.2454294605133216,None
0.9432827215785744,0.5629397323874323,0.6947916153414548,None
0.6468821357667828,0.33203728341585503,0.9996922377379486,None
0.6169119887008735,0.09722304497373446,0.12436034890205083,None
0.864051563539499,0.6539710063167149,0.061594062661935234,None
0.5909427317456658,0.5288345223124312,0.9105482032506659,None
0.49589053891544077,0.3251080875350677,0.8287407648175366,None
0.46718062382576775,0.47869791742057033,0.4154083506634688,None
0.950920476236153,None,0.1570195585741544,None
0.9313675965739221,0.42456859035749384,0.546812188256059,None
0.5908639691180366,0.25302045034331233,0.9062732808945481,None
0.8692080684271544,0.10930093497822646,0.5691403663847685,None
0.14682835346351453,0.5562171742348047,0.8040072004855817,None
0.5276563418620688,0.4648111214195024,0.4258006409698708,None
0.19595708602507844,0.9233049121356917,0.909955108701887,None
0.808721865298976,0.5345168506261958,0.30695284938004563,None
0.05208576140504473,0.3473836338720737,0.9134934921613138,None
0.06850112668644681,0.31136874696381045,0.9048817647389898,None
0.9038547367103855,0.2815553021586047,0.6411907665863182,None
0.7261703449186564,0.3607415906875634,0.6463790868982622,None
0.38288649610686665,0.74995303580329,0.5883950644222465,None
0.9471447536275641,0.6342335048545718,0.18237825105117933,None
0.7309204634661483,0.3309957670500685,0.3476708556268818,None
0.401481350011205,0.39669249691161523,0.8302331498743966,None
0.23744760202910586,0.049061715826313246,0.5117306899982174,None
0.7562951076430703,0.013509741810290965,0.02260355800648206,0.7212366986994275
0.1700693292974378,0.1286272679804802,0.9491835877690357,None
0.4598163211306757,0.5452198658464518,0.12226389606245414,None
0.8295994442172553,0.43557854799161244,0.9977335208489136,None
0.41920914918396524,0.6402717326253988,0.1274366848034404,None
0.6820257211325079,0.14595305234791556,0.5852427361882887,None
0.7812972662035,0.0199256411685218,0.28561537203907184,None
0.10612312907414645,0.6412101224177128,0.8132859412911966,None
0.03443083113306744,0.21134258951722007,0.7239004672459638,None
0.21457632338976618,0.5957347502317957,0.6509647461738061,None
0.602283837172746,0.20996809609062173,0.5267062792694058,None
0.0929025863532108,0.24086844421176146,0.8374745311971972,None
0.59137928733755,0.3649872591345714,0.2551837753575338,None
0.6391548486476885,0.81418991712858,0.7514090699835786,None
0.1132994753352764,0.9999664285015727,0.4915183473380441,None
0.22099830664800968,0.3656758714520403,0.998958148978876,None
0.0976401266352791,0.8964558127465182,0.374876254356998,None
0.652615594778596,0.1919498901783373,0.5477619604872505,None
0.35223816254903073,0.5486433218094617,0.7460048687835158,None
0.38166276938976074,0.3235007778537361,0.32178193818072587,None
0.7058881374168422,0.7146085687713973,0.9620446816396456,None
0.29942498985405697,0.616935209160693,0.6864867548385928,None
0.0017885456559157964,0.626665158627736,0.010188618545445616,0.9766213875584216
0.12813849279940692,0.8777630788594856,0.3522169286064837,None
0.7078832604874569,0.24758865218737347,0.47776365008897304,None
0.6367619095670161,0.9473531683136788,0.858436125526252,None
0.4548165626269417,0.3622605789712713,0.3602344926902996,None
0.6420249222716023,0.4293186086246502,0.6039415094637979,None
0.039621303217499904,0.7781112296418485,0.8643274878446721,None
0.44700193060705806,0.2409981590349508,0.38064748729475606,None
0.8594994062261521,0.5166902774258901,0.70429455334928,None
0.27151109131320217,0.7124846389441681,0.1313279058098249,None
0.30067752561810346,0.4226325229419292,0.767611748641411,None
0.20360621637762044,0.8603954556669161,0.44903571598631387,None
0.983628639966697,None,0.7779479234316241,None
0.050492061229463814,0.07819569599407161,0.5819603472435955,None
0.17629709813883243,0.37895780357938,0.2710961602024754,None
0.808161002353882,0.6828121667007949,0.8362187284882976,None
0.015926039880504006,0.2432951349411817,0.8570105074918326,None
0.14190817981943593,0.0861364441117135,0.04660416688006319,0.0379325787096636
0.7884089564345776,0.4709444618016555,0.22605908969877853,None
0.03652492315123623,0.25508512180178866,0.19952772536518937,None
0.9503017630726217,None,0.9017555635605741,None
0.7221758355112191,0.701662799658602,0.07157384769108233,None
0.3761359862534047,0.05676436016243269,0.19028452170134824,None
0.4888540109359929,0.8277163863755227,0.26149946949258474,None
0.9859015595713962,None,0.18456595357580186,None
0.8230155485101293,0.6007136473943132,0.8581309306356488,None
0.7210332496365406,0.47422911960853587,0.9754208133817389,None
0.4514158006401304,0.7351382920201367,0.3245259061273852,None
0.4427059357674413,0.6095579034283497,0.21240556395112975,None
0.36717415315440627,0.9843164781016231,0.16105598814058464,None
0.9207500273726587,0.9177096118650624,0.7297666869350481,None
0.29554992302763705,0.641052669781977,0.9502638947113621,None
0.34671468456753995,0.20204540688913197,0.9164539632446469,None
0.5530505401234552,0.5843487752235891,0.21863614369341966,None
0.014188852993980094,0.6969848359426543,0.6900376127579708,None
0.8089253949063817,0.25390806195939475,0.5051583937017041,None
0.5559387264389488,0.6683682900839476,0.0028604491430623824,0.6651519596652463
0.2727810685477041,0.4542737737860567,0.9926936099955738,None
0.6131385213481211,0.3850240187492189,0.7326994581686138,None
0.46504248284288763,0.7475874339461088,0.3221165184233896,None
0.8228913089262457,0.04419568831465692,0.9601559366004155,None
0.24119103110405704,0.6763404616926925,0.33234744239764713,None
0.9754421961848848,None,0.7516614763801789,None
0.6798493889309316,0.793601978972828,0.4154333283721353,None
0.04439612033396001,0.38141355554034406,0.36479580397558276,None
0.06055369443057357,0.9371661061993448,0.6394663044533883,None
0.4409482462275337,0.23477971969024658,0.07813379409485,None
0.4801970701339592,0.8601829609539765,0.3329448119482338,None
0.05402572083066792,0.13745113856797309,0.33890255581739104,None
0.5269533291043794,0.020637977935034968,0.1619380332753686,None
0.5981453782875101,0.8187976495176821,0.728924728019137,None
0.15546996913694267,0.6996733385469627,0.5394753617017475,None
0.1679627802200515,0.6553374874372414,0.866850160446901,None
0.34479766376644083,0.3291958399795377,0.8954584811401428,None
0.4973797569936146,0.5395479755065835,0.8127994929384219,None
0.31886154120166255,0.3263109980479677,0.7611276830284839,None
0.5532135728417047,0.9202865304324823,0.16336274567118914,None
0.5085647028697363,0.46635144836275777,0.3482051514073027,None
0.3783081130796081,0.04579920883383315,0.3373116969238079,None
0.5339928166780359,0.5698867223635328,0.12441553994964649,None
0.19297935262448962,0.27778757094590456,0.12473018826429716,None
0.10229538255508719,0.47665657051747023,0.15847646828740414,None
0.5845527843775382,0.7663165334097451,0.9345145434271002,None
0.5353675764899994,0.8922130658406965,0.8854305099168999,None
0.6458531905489376,0.15543997895746775,0.6304345758506901,None
0.8326117694276013,0.6243371580815786,0.10970472009012011,None
0.2416124265949613,0.6190257922276521,0.8284068803258989,None
0.9644245922103706,None,0.7800265074580841,None
0.44782793899072304,0.701240515733797,0.6102775321019173,None
0.12670680707144977,0.8863329283564478,0.24142783189784445,None
0.05398251263387199,0.5801767453988967,0.29587257364650743,None
0.8285887282315838,0.18220040396383475,0.28680125647495225,None
0.4889257869646111,0.908596151202987,0.9271866144621662,None
0.7985501676056679,0.6978357175525987,0.5744966477435067,None
0.652541292007702,0.9328071171707183,0.7801389489202524,None
0.39621856305244485,0.2730181191182547,0.37795538438451903,None
0.9516357420328021,None,0.8056455271803249,None
0.06526078551437398,0.7748592977678561,0.41700656563422034,None
0.024560073133524707,0.06193186775271253,0.5101411298064485,None
0.5124281709091194,0.552702185393528,0.5636168398179329,None
0.4164358264668523,0.6079207314087942,0.8958857461220424,None
0.5644995002388222,0.36189326551762824,0.5696511342728113,None
0.25099762574118645,0.208346313781967,0.5839925517059051,None
0.18018629464282532,0.11542992463074075,0.2585521180256314,None
0.07778564220901074,0.2400161154694901,0.5576438303092279,None
0.07699164241046863,0.08859678321673903,0.2738991347633485,None
0.7608792246972748,0.4752277710924382,0.42790597568903266,None
0.9806012381307717,None,0.2612699563835216,None
0.997306149001005,None,0.24300760905336694,None
0.45483008515832013,0.17239755578142468,0.7327992252070473,None
0.40760324793565994,0.893588132731804,0.902476131867505,None
0.6977058892707135,0.2857569018135434,0.2094093364787427,None
0.7206714443336455,0.2886819792307035,0.06537561488655064,None
0.4425202826873237,0.28081845789876947,0.46008013466873954,None
0.5939942798277711,0.3947384163853065,0.15964428600935443,None
0.13649717771385805,0.7378113145660234,0.9588799740704108,None
0.9398175385979597,0.24375384158413327,0.40109305468511636,None
0.7169804584113987,0.5706240040863692,0.014410244011334838,0.12938072437281734
0.5758572734289584,0.003541318282640593,0.7458161584414287,None
0.36972266604711357,0.7597329342119962,0.642750264199249,None
0.704522978266465,0.12286776803526167,0.011031859717250181,0.5791114768409448
0.7458202515440299,0.9942613987012144,0.3147000925203959,None
0.2709222351277685,0.3043464971166785,0.755243970732892,None
0.8607865224823094,0.7799133472333575,0.6779931911499032,None
0.11742521719984755,0.13513038519606368,0.7743313860917018,None
0.15009883414536596,0.2757784037998615,0.7835961401637851,None
0.2074909748222722,0.5700469522513509,0.38838679431514755,None
0.2580692964751492,0.3310042519398705,0.23719934134802412,None
0.5275573754477216,0.27610667075237183,0.2883281577298932,None
0.10908861924285107,0.5163186650730945,0.3261021962457935,None
0.2988244696300849,0.8025703214735573,0.4635005061239422,None
0.507328183462158,0.07293944348666637,0.42087519727828604,None
0.347578142111556,0.11044922793883727,0.06255197404849366,None
0.6641854666629863,0.5778346483384424,0.5347794710993757,None
0.9025238332918663,0.5487620277055252,0.799960427073392,None
0.847156887894617,0.7694191425020879,0.5734256538094222,None
0.7619885790946352,0.14542596115555229,0.2322409172758816,None
0.8100759836741763,0.2260259307359298,0.35025144604514535,None
0.7726778944308129,0.3267599119320842,0.5766630908821316,None
0.5614270577988706,0.5387376592715426,0.9548191899356054,None
0.3785841068035556,0.22260897605171526,0.2824910622718392,None
0.34007116793786984,0.9887262751094446,0.11867070370152866,None
0.47476747139663855,0.7375361239468675,0.8185230664153872,None
0.7127997406409275,0.9547091839653573,0.9704284045758206,None
0.8224650734381468,0.020144376347110637,0.6556719353531021,None
0.6170650263605725,0.8156937211970166,0.02941221805103289,0.6693213885921557
0.11610736599875282,0.625489427843085,0.715560772358678,None
0.4936273973153992,0.06519865485892495,0.4107319012659244,None
0.8158855631760945,0.5979519406719493,0.21175798318826422,None
0.16701261975634674,0.333563115882761,0.8517237578294202,None
0.31107611996949536,0.09646366688790387,0.9948729686017571,None
0.8230156148546638,0.8318639068726877,0.9609154994870132,None
0.8101439893811259,0.2785523433284962,0.36692616443799986,None
0.15933416276798162,0.6752532733663881,0.10913461028276261,None
0.23975551426248354,0.2950434074362962,0.859012493561331,None
0.0019416316153201274,0.3611463356251785,0.5670846705104172,None
0.5452136571286653,0.6814659977332106,0.6940111338429077,None
0.22399675634914695,0.5107888617087992,0.22333511344227286,None
0.7293411361149889,0.9673160569490438,0.9634825528125553,None
0.23128364349096198,0.1357561074691086,0.9971077706160855,None
0.2868078391380604,0.631260862453287,0.33326060375092037,None
0.21134906780327067,0.18775159401186137,0.9026547361373515,None
0.04355895384042274,0.12202439110542806,0.29701242245955894,None
0.491376796942792,0.7794642761670559,0.6258024227989918,None
0.46417524601122495,0.4198660572894187,0.9187602252698578,None
0.6420052223059316,0.9968403515567823,0.24304774024594034,None
0.6991146736618173,0.47791239737732427,0.417168028950313,None
0.049250972426530204,0.48811404420008897,0.5277970200141934,None
0.4616567438045843,0.06030743052895082,0.2237898150812908,None
0.27912121963377645,0.098610797268184,0.001092920712676193,0.21789522867253397
0.033262397317860404,0.6998947130400863,0.02977945337578669,0.30139195584139244
0.8117541448254042,0.5802120393003654,0.641545450652054,None
0.6769413127145937,0.06185302892281608,0.08363548455739822,None
0.6773320133711787,0.47504890208568773,0.05402182837874159,None
0.946289760782312,0.32868664557187055,0.4585429377536544,None
0.6466926092820069,0.09808538699675273,0.20622211103355115,None
0.8200085089265396,0.844977218240717,0.7301194482550508,None
0.5297452529284092,0.38506806908762214,0.5804183429879289,None
0.06547446583684235,0.4015169408918068,0.6623152449165186,None
0.45900441484970356,0.845301250206529,0.32660041391054917,None
0.5442760216254595,0.5432926321837032,0.5503850409538238,None
0.06370318484739113,0.25230520651122756,0.8710408768731465,None
0.8009117612158743,0.890868067586526,0.3162872945450128,None
0.27723652231803775,0.005700175661739637,0.7405285568821155,None
0.8875458871597117,0.14241025608406888,0.8271872948550558,None
0.42925456510654414,0.2080213618963287,0.7416068502208361,None
0.34012955377281107,0.9869700093743192,0.9679667581932322,None
0.7995952754226927,0.9122697271845746,0.3181151618414907,None
0.42102828837120354,0.6782102222790433,0.25455498254365205,None
0.5139219870180619,0.13094668362622408,0.8981807287589436,None
0.26203654161361667,0.014522921288334323,0.8102666203281146,None
0.7385030433259138,0.7414047041206449,0.8410292308896204,None
0.6204040914937331,0.10590964371838629,0.8226493502653747,None
0.7513900781561113,0.8404619222855655,0.09130189397474531,None
0.6680185701617009,0.837001462201956,0.09380434126381909,None
0.8326253961249633,0.8226391621820063,0.7857888316419464,None
0.3301079449500137,0.33978652363228945,0.5909783887055101,None
0.5508543054517102,0.48863965775328144,0.41538156282955363,None
0.06461492459800722,0.16247027869006725,0.769837124214809,None
0.31061567801812096,0.9503521528555939,0.6593775777775257,None
0.6789770790858681,0.8160873480965806,0.30087418733050464,None
0.327674745426206,0.04163981798895189,0.9157829986061103,None
0.010272729734587704,0.8246024917093564,0.1405875206949424,None
0.7663728329468196,0.7734830348449435,0.6096005527100415,None
0.6191991120886966,0.29575253932615286,0.8843251166969699,None
0.5431698539981947,0.01578729472183238,0.6338934906401208,None
0.3565893548205811,0.6170445755909958,0.8978790113504909,None
0.28183550096551047,0.7106845124194304,0.14607114058220427,None
0.9503144799445294,None,0.30538604754145005,None
0.429074073260438,0.248503041639748,0.8888032151686361,None
0.6423693029509323,0.9002115605677882,0.011419121491477835,0.269293047424217
0.0213495723773518,0.7306666717177535,0.03768192150936234,0.8201805633074915
0.07254891083916537,0.2749765100491448,0.12947398324965198,None
0.2727272898690464,0.6347111774003396,0.7048915111861694,None
0.49629759182541056,0.487238526024656,0.4345580452494222,None
0.35656023205033904,0.7549185329823445,0.5562966977645613,None
0.08217481560401707,0.38785875848325646,0.6141472642783166,None
0.7918504744017508,0.18066771888766586,0.9581413446796756,None
0.4368195669192434,0.1395032493624052,0.09626091386649827,None
0.9910177168063807,None,0.6651268421823372,None
0.032735318956928716,0.19995873013665422,0.97761744638735,None
0.435769096176276,0.49193838877945395,0.7180120149851719,None
0.532432913932889,0.27792523664510604,0.2924588614201338,None
0.99588378861374,None,0.23052663164917797,None
0.7224049010819816,0.7193335970699274,0.7268255365186446,None
0.9832926543181504,None,0.26066168958336133,None
0.23271547173647333,0.47517953988719175,0.6736640101883627,None
0.9455634566440637,0.904659965447353,0.5642278217271781,None
0.8329473642835507,0.8318169591858684,0.5190642661628793,None
0.018722608461268386,0.7959428579343163,0.29975309302621,None
0.679600153915988,0.14014348156393008,0.559873846015138,None
0.48719825398148475,0.6701962133669406,0.915465123127905,None
0.4199253003083505,0.0003761368300188028,0.4070315173171952,None
0.09360492759300121,0.5371431923720116,0.5848609667083096,None
0.4146470665218739,0.7354326852090608,0.15521350059332062,None
0.677718807852077,0.10946107785687231,0.9080605784239902,None
0.8211313426376989,0.2334988453120601,0.40693167528744256,None
0.3658461982141201,0.7410988799103426,0.36023459867005925,None
0.4816142092184814,0.11788534249754035,0.2820142320438944,None
0.2955780074157546,0.42507989290904913,0.9615926849258276,None
0.6505592796245075,0.2847361962836863,0.9881576348929342,None
0.9785492600939335,None,0.04864295924445727,0.9562239007635441
0.8131421391341226,0.04101301797774071,0.10989222072012228,None
0.8271956605268888,0.07814787425580205,0.1638833432021698,None
0.493517232501269,0.389205721349588,0.7196194870647472,None
0.009570202061169875,0.03928033526881214,0.7138794162804499,None
0.7817015334634283,0.6993366981536487,0.9322805592183355,None
0.676189816701302,0.5892880101945734,0.0015645384339261215,0.957654714801604
0.9711155073964443,None,0.03563340947646054,0.5365900589648669
0.8899730936920084,0.2581949954397984,0.1447038547493098,None
0.5485729403512281,0.06439693189218798,0.6403123796815908,None
0.24006559983516085,0.11403853210902337,0.7039457331788358,None
0.5610759120230326,0.8693200463235401,0.598459769975071,None
0.07566439258853197,0.224278780255327,0.7488430392159893,None
0.05152572389298704,0.13577048024275562,0.925154907761764,None
0.5275223184744762,0.5967652016683582,0.342372607580706,None
0.08905111202866178,0.32481340959305594,0.6952897973370529,None
0.785919977482557,0.4703511728154558,0.6295159568238474,None
0.5471551371929718,0.43163018478354453,0.10725713818364646,None
0.592091896035036,0.93934106716629,0.45942360848700003,None
0.09926121879229055,0.5110351512389311,0.9714094280079526,None
0.21645952928159684,0.7553885713152513,0.952814164000931,None
0.5383020067056159,0.5828378536939021,0.1989999797854125,None
0.2857307712242122,0.9185381135666447,0.37738869584083046,None
0.5103644523412585,0.9195591272452033,0.9772217362884927,None
0.07945345448243701,0.026880819911546228,0.2544344244293667,None
0.25238355816947333,0.642030874787215,0.2538526675102656,None
0.11820052401013215,0.8979001064363904,0.3784055379752236,None
0.05290667584317699,0.19819335396149562,0.12635830929667413,None
0.1300030189031418,0.398835904130716,0.3757662843458045,None
0.22497174444939771,0.6786503526359526,0.8252285275566265,None
0.028319421323805605,0.19628073636807541,0.8024988979178164,None
0.09425533484791349,0.5743969696358601,0.41400786130146916,None
0.0733670992215033,0.7465673562288079,0.016930667544077127,0.9086896820875399
0.008616148421943137,0.1487438804841621,0.2882609623070065,None
0.6006765780778637,0.5462440828929447,0.8225152943334102,None
0.4114562998712722,0.5598011281812484,0.07023645044673466,None
0.5656683093479538,0.212227501362668,0.5170818098281817,None
0.7487436951088831,0.6722527508580605,0.5177162904408705,None
0.44972994801930233,0.8371929044829011,0.9381805685744458,None
0.049152471254650165,0.9482004881151856,0.7055586435873153,None
0.11777183651071121,0.0878974300705132,0.2071410997558013,None
0.7201912724292796,0.5626307769760205,0.4318996490418019,None
0.86106975060356,0.5473885837616084,0.8876556704391322,None
0.8701802498929666,0.6787123378731184,0.9382909907192208,None
0.4860201619686252,0.019635076696839837,0.9890798330860978,None
0.39450966460070425,0.9652918316703892,0.03234526415017691,0.2754661258217792
0.07347804661287283,0.5633457283757521,0.4543381110132041,None
0.47047943692239624,0.16048540871775618,0.2088396587944119,None
0.04787887640081223,0.9931493509862515,0.3719649288773962,None
0.9558264039289432,None,0.3389876145618693,None
0.6518311967208148,0.3393329132064272,0.9154865897807404,None
0.77266241607143,0.980520766272414,0.2556131435067449,None
0.15431054197798555,0.2916753543299281,0.745659513269909,None
0.15244553530924698,0.6834216160996732,0.28967481856374455,None
0.832847112214641,0.2077959611361193,0.7624485120456002,None
0.13069363488814034,0.32716860978391393,0.697069089023227,None
0.9783328792638987,None,0.4112727862045039,None
0.3585679521890667,0.7754073877614177,0.06265065664348912,None
0.10459812865455786,0.6609530085031092,0.8063456218706836,None
0.92561394399315,0.7508349989981233,0.1522598547866596,None
0.318969215697946,0.07823431390981506,0.41661971797159913,None
0.281518302182044,0.29024148417678375,0.6607255326764183,None
0.07148666648333268,0.40430768419250473,0.08826613274523154,None
0.020915020283762242,0.3013862006795026,0.8473400078088978,None
0.5193214113834805,0.9609380769683052,0.07466624937244859,None
0.35269133087452176,0.8343017216642221,0.342497234966617,None
0.18233555623410058,0.4656876028400755,0.4814874914794549,None
0.5574431931645256,0.11545590891751623,0.9697551646593833,None
0.25508082590218684,0.8724423665849352,0.8517018276439905,None
0.6710177591911661,0.7221096534115444,0.6220837223936765,None
0.42170384942323114,0.6765888691375055,0.8885030488560004,None
0.33224638852114974,0.7161505667064919,0.42217391695070605,None
0.09088727613524983,0.830155422275127,0.9933398440449717,None
0.5473102374334531,0.2988993149244974,0.07336598076315515,None
0.5061204939929317,0.41996649265357267,0.11530509023685531,None
0.8015808587428291,0.992233981060033,0.26257156152936667,None
0.6097517105110818,0.1669564483269409,0.5764038319511674,None
0.20706535937682768,0.9081265726920795,0.46073857258236983,None
0.9538645549385059,None,0.7296074874489322,None
0.8074008017450015,0.33762236511503907,0.875767318137248,None
0.11325688203105766,0.18601004773903473,0.6507003454439523,None
0.8599972872549946,0.8727777462856283,0.46540586934903827,None
0.47105086703185606,0.9017130782761794,0.3090273731415317,None
0.2590903765895869,0.36353531271465844,0.8599042760182353,None
0.4536125489217391,0.34863907477286804,0.9331220742182941,None
0.3351115418171804,0.6172016165180364,0.1273492064219307,None
0.20384742093058938,0.8556860830349934,0.971465651996518,None
0.10318540194144166,0.47640172283155957,0.28313825683212634,None
0.05834570234995917,0.22020967291426496,0.10960145065235627,None
0.596597882717447,0.11502576923090202,0.7234803034224994,None
0.3793075115158584,0.7100405702427748,0.34215041464790086,None
0.8984747834319782,0.05706275364886715,0.6096918195376522,None
0.8509258912008123,0.7897139562254284,0.16148503702199746,None
0.005885632935665686,0.22009363559093476,0.11853029241165425,None
0.8735347774235248,0.19847314226568913,0.6768153471605086,None
0.5311097736879438,0.9609800892272793,0.8135375716079727,None
0.8643125162897927,0.28119482395999285,0.06254265589855112,None
0.29855768891966916,0.3916531275363745,0.4963449568510897,None
0.26855600034007576,0.11922058475564701,0.6183440060535866,None
0.03746753002188452,0.4317160617287673,0.44346025193188365,None
0.10156024510501116,0.24502354251314706,0.5748097124426077,None
0.5828735864523089,0.2556499512122483,0.07584889352435009,None
0.40759751972820224,0.5498049317391387,0.4875318490231444,None
0.3021852657768548,0.42408719845300624,0.7213657947291432,None
0.0339267822298952,0.39767970423900234,0.7206664665567334,None
0.55906929907252,0.8208507048053197,0.9284949718531927,None
0.8872430689794023,0.40858485406766065,0.019648481506471027,0.2782541648704261
0.8633886377294016,0.010950546484452373,0.15601671750377177,None
0.4259066538701426,0.89705043172419,0.12295726895042502,None
0.6438357056409607,0.45643255466998944,0.6273574058472818,None
0.324398196305422,0.03977090761371771,0.9970957588809545,None
0.39189661419886335,0.3032031568840077,0.9938169052901711,None
0.8058121964137004,0.06646936983654905,0.3781320955694415,None
0.9205439705308983,0.533364286722676,0.23500623282688882,None
0.43318444327746697,0.5499534920927514,0.01979049312614023,0.4536506443991355
0.7647125600547222,0.5305283867983853,0.16088939768873245,None
0.9539530135652069,None,0.18995749512784932,None
0.9421083557076274,0.18112870837045736,0.6019328093557484,None
0.539701249236132,0.31631517047691327,0.06693398009385876,None
0.1894678200920321,0.25398815092911753,0.5242877704096401,None
0.7566979089443028,0.1093424502920558,0.824354888372435,None
0.6919434425026374,0.13007088146189005,0.4679008105548048,None
0.17704204665702505,0.22086768644823662,0.9858869309543628,None
0.35328085324411906,0.4699238936007718,0.31953534730406963,None
0.6151546235746478,0.06049753895534571,0.7131125711950679,None
0.7971187393880982,0.6283147470955467,0.15846423335798243,None
0.9878848620365838,None,0.40577802702989185,None
0.7637950864100215,0.09811845356935289,0.4782044280862202,None
0.581674942170147,0.882320584719702,0.6536650124552288,None
0.2456822549586959,0.9995011698738323,0.023395036255290158,0.08226831587380756
0.10761892290049324,0.5994288737599339,0.09477586548520023,None
0.615675913842368,0.28428355668953453,0.5945440620508525,None
0.814988497750653,0.552035888857732,0.6325300762822655,None
0.4699536459283058,0.2050993278024339,0.628640913460626,None
0.11593109888731168,0.47015531200530725,0.6107595273244449,None
0.7606606242929735,0.8095338265786224,0.6656730542619429,None
0.8845427755800087,0.45663954896223524,0.8503935506553372,None
0.48430012720207194,0.5097044232797494,0.6204030022755593,None
0.4947273222324837,0.8285420867590835,0.6096916547316855,None
0.6495430403576983,0.24269346541258774,0.9290936806762901,None
0.06648498152464422,0.20305230444423483,0.4067105370155836,None
0.18554140823814114,0.049659559375359374,0.5302326750989995,None
0.7712229640510937,0.6710211126397936,0.3505200291892101,None
0.13900750815984797,0.49357265955057217,0.5020664597061216,None
0.7303421212139305,0.4668407281983996,0.208948925408999,None
0.31732129475323,0.5942857919013129,0.4166077418029047,None
0.7955132595340134,0.32905706406484847,0.4698079967964728,None
0.43355158613079714,0.7134134501032003,0.10997996296339274,None
0.656586158468844,0.32247161218073583,0.309710210112917,None
0.28165510394731486,0.3156944273358008,0.32050819183044443,None
0.8684862358788263,0.6061343188402539,0.7690825287940447,None
0.046116143743821225,0.45480448237862225,0.41750465888424226,None
0.6568284879744278,0.9639655331145441,0.16113743868047403,None
0.4549002853771579,0.9885660975246923,0.8636346320527605,None
0.3723129623218886,0.43784395699720835,0.508069350887826,None
0.09781242855012451,0.12344766196847812,0.33968414411056,None
0.4704972688759871,0.2981946669917469,0.5469219508486053,None
0.29589741150284987,0.34000238774528335,0.9022828934788973,None
0.048539295955152384,0.030685630656046792,0.6602213747529555,None
0.22502198998260792,0.8597930979933834,0.6388713289332488,None
0.8288426531173605,0.2908806127562392,0.7961281374342833,None
0.7600796530804722,0.6025944664523303,0.4093571101883362,None
0.4833649408185945,0.9887222213471368,0.4278094665126374,None
0.4856872629361867,0.444517327947754,0.17144426698338544,None
0.158107075790186,0.7585376550883723,0.4080273052361315,None
0.2324163227472491,0.6104506183340135,0.16871958950083255,None
0.004298189308802436,0.7012840946731322,0.9230083295178672,None
0.141931105972406,0.9060721186545878,0.20700252405167252,None
0.45245315624138527,0.4355195099839877,0.24386844284872655,None
0.9406879042469111,0.34740053262894066,0.8916173854687007,None
0.059616216334637095,0.14433966863068948,0.5887530637586679,None
0.17829568376874494,0.21798485525522693,0.9338357057667794,None
0.06445641754334808,0.3535981858700993,0.37403505518273794,None
0.12164657260908995,0.6658121605009529,0.7230932003735266,None
0.5441543757584147,0.3716633794880292,0.9491680386927821,None
0.29700186140377405,0.5310123350125671,0.08886307942832039,None
0.967012619691748,None,0.4002310663688379,None
0.9323932684210944,0.6287591212151201,0.6009111863174356,None
0.5887206854980268,0.9371275723521508,0.7859630559050824,None
0.4750032335504637,0.45381509110931606,0.5077722179079092,None
0.2811435918217571,0.6265190607876385,0.3846792410529315,None
0.41525719056856103,0.6565488800223951,0.47138600655848806,None
0.6140367776780035,0.37972380986821985,0.7105351546513076,None
0.5560487754075928,0.16321188437161105,0.26058356523008575,None
0.8949238503746402,0.9999716747235912,0.522926795372672,None
0.9364489306160061,0.4902864936527732,0.28121433116521033,None
0.23882493394679294,0.59309698606515,0.371338414296429,None
0.22985027374972566,0.9296799252880198,0.6899122516049979,None
0.39813693824516305,0.6500851090734784,0.7232387268732231,None
0.7457000492892942,0.6886509515258745,0.5380639456520755,None
0.11311397590311767,0.09889974967928161,0.40921037542967864,None
0.06081033648036538,0.2646680093559076,0.5206373695662049,None
0.21719469499268962,0.9952750779220594,0.34555685800650016,None
0.39349227589215363,0.7775840339709628,0.05161354485368186,None
0.12325780882266058,0.5769544922999936,0.3083020032267252,None
0.6771546981376217,0.5654044822092911,0.760462680025823,None
0.3435620734248911,0.8615316677178178,0.15687959723331446,None
0.8831939366079276,0.9176998723955816,0.8216230291837974,None
0.2352068840743341,0.362135868039818,0.3345915559010948,None
0.36125146143888254,0.8793516137818255,0.927531999720204,None
0.013697282934991506,0.05136998980201002,0.7179265143216479,None
0.8417583573484106,0.2552497822897475,0.7623546477121068,None
0.9069766238149691,0.9629910915505415,0.5633884152391172,None
0.3374937936926844,0.7493990246920392,0.6423634659087021,None
0.14940559584840973,0.577900647382113,0.6378078963585082,None
0.46726229749571757,0.9563705942483146,0.9056392855124871,None
0.7936837250166707,0.3308122921984129,0.2897427928892232,None
0.6270298376095957,0.13086890631763826,0.5959983356546075,None
0.5021234760843035,0.36160958970470924,0.3500713854778962,None
0.5678382292621457,0.7194396467462716,0.032515713730777995,0.7931427423169956
0.6444313559409492,0.6185850851082182,0.7228025721435474,None
0.33189081574342394,0.7536054344124651,0.12891780980875212,None
0.8313684963167811,0.7707271578750046,0.9229750853587911,None
0.749779166062406,0.6016991485371328,0.5733011523424373,None
0.4206493044115641,0.27530688437925244,0.12522943183178914,None
0.46776108871575806,0.4469991229843935,0.6195791265407203,None
0.2904820240916237,0.4026463105247642,0.06349043346243899,None
0.14992743024693633,0.5762757747086754,0.17133900173322802,None
0.18386835828892711,0.4564103227992017,0.18994025796158076,None
0.6455851970827933,0.9723909634545156,0.82008889724137,None
0.6768471620959658,0.968883491061405,0.3114380017621735,None
0.6275999446218843,0.39603980905647007,0.47811891917614524,None
0.38985918931764707,0.11621558779027741,0.5696617773513062,None
0.44834318547714513,0.19878107420933178,0.4054634482923195,None
0.1133524254427789,0.9293820145475178,0.5281618683361393,None
0.7251942714772508,0.9577819391862284,0.9910313299167769,None
0.923309069770816,0.6788044802593751,0.12637474137858373,None
0.7356182415211553,0.6357603600236836,0.9526828625880224,None
0.7065490963557691,0.4798715846526528,0.45226554161218324,None
0.5125578460925663,0.9052150182368256,0.8508751686304658,None
0.9165045228072726,0.060827566329723415,0.6599104127162799,None
0.48030264288380387,0.35499469897601865,0.25965555394190454,None
0.5950286559926201,0.8271382621073101,0.561030021393512,None
0.33979572207205444,0.03550647601990309,0.8908934920168873,None
0.9170865488035136,0.8269340240813917,0.8789767204918741,None
0.7424167162617155,0.6142961374408009,0.7576134134435883,None
0.26019571026023014,0.13534049255098235,0.337574670224547,None
0.4363096608436523,0.3698797626756968,0.10112209947536921,None
0.07113071711238927,0.8442447952432365,0.1512436763606254,None
0.9579929657862178,None,0.48951901808173603,None
0.09385085967399831,0.9363626403291925,0.9602826740417263,None
0.09472596907172837,0.7444065631010697,0.24462221836494547,None
0.9032530319170395,0.5646321674974449,0.13784257812488354,None
0.26669773461422486,0.9334500518877534,0.4957447485599239,None
0.17843777070259448,0.8647797803244538,0.03539287401215219,0.6334997726224121
0.1256599851257839,0.6092169021154774,0.02123863102008805,0.8705474346626516
0.9584751218035464,None,0.5511222408298516,None
0.35480937063083307,0.898774098399649,0.44431719434470285,None
0.8094692166637203,0.31871118548925714,0.006342484185414277,0.23363491511132894
0.37142489844577964,0.42901841458563605,0.028922401841785517,0.4209301518828419
0.9618626999868398,None,0.27433799681623683,None
0.32000791333236833,0.3547029083442773,0.05036696686281139,None
0.0977693912225116,0.041361767838980934,0.16199356213985405,None
0.8262447497510569,0.1446167726874874,0.23757589296853998,None
0.22091293389984545,0.7737699776477885,0.640297709256928,None
0.7787849840267349,0.34017558276855486,0.32130262663911746,None
0.8490991589926089,0.11606831459270017,0.1003074914176948,None
0.44654493575266363,0.08956283506501361,0.15683876390087248,None
0.6947583070503361,0.9549145428262629,0.5294619891996808,None
0.19706762610421857,0.03892523394173797,0.013122665944033773,0.9284710894626113
0.08278147142177938,0.9023860471396724,0.235722705292147,None
0.3207700256774755,0.8502589410077049,0.557609940900989,None
0.2597891330629015,0.1655613006291472,0.28965753735801425,None
0.2151485711041642,0.9354862361816538,0.7209997234304341,None
0.043191164930354686,0.24309437006176282,0.30046043912619336,None
0.2605438330714337,0.9545778828397641,0.6358481759563761,None
0.764056524071412,0.7690231336867638,0.46661798918152086,None
0.9114029978865346,0.6873996654788933,0.8216599283825275,None
0.9256560621865412,0.6522198625905812,0.5131992962083238,None
0.48379742041810725,0.9285126312063311,0.7709343291928932,None
0.03232497789626909,0.7426642195807104,0.015087937980383548,0.2822940179248902
0.3955072280459503,0.5515132036394805,0.42252030954897657,None
0.12672515296136877,0.3673947147061224,0.8257291132914375,None
0.04083309196588536,0.41888239414553774,0.963080891992928,None
0.11754226444147986,0.6122169898413995,0.01872375797148107,0.040253822227258595
0.8783551391243803,0.3177737818539679,0.17956644865324245,None
0.7678779293278899,0.614757390566304,0.28624523719717854,None
0.19541301375802456,0.004706509482801158,0.3767457038428944,None
0.40474208015727264,0.5229519471434976,0.8853091564791279,None
0.21443386318691737,0.3540801573043276,0.21374353498660748,None
0.964844794039846,None,0.5605854927833996,None
0.6465130113192983,0.33693263703645626,0.9339857367871228,None
0.12023884606660007,0.6095576907244505,0.00589666303978531,0.9580148538868228
0.0538727196514055,0.8642435953837857,0.20659550115950698,None
0.1065396533155123,0.9138019176761359,0.8909786855575313,None
0.21708412969766544,0.3534531535901031,0.7429558282903067,None
0.4118275388135655,0.23611908124566505,0.688449126076767,None
0.5128096053360798,0.9250126136828347,0.4242727326642364,None
0.46431689872775905,0.9350503353019778,0.6026212351064242,None
0.8445068190929805,0.3342361438658531,0.04201855435047763,0.4214922524787855
0.572136085614817,0.8945234680351032,0.7249892150912939,None
0.7838260444883711,0.2993513795641243,0.5093237773557023,None
0.6635722289686771,0.37672877858147635,0.8251839112974453,None
0.4798241514735425,0.9222577801719029,0.09982414924260063,None
0.8761827985555445,0.958881106886833,0.6010389908760279,None
0.46911251976929425,0.7765588478414982,0.3323546104539469,None
0.25570993941380205,0.05046212280786955,0.39097685404622684,None
0.10884994148433369,0.9951755123583359,0.7186620780662449,None
0.5184732691896018,0.5433549650344754,0.8151869154550246,None
0.600632583914713,0.6489767158532131,0.6897808349214668,None
0.20101994856530436,0.16111789270243126,0.18889179629956399,None
0.33337141693473216,0.14165790337574913,0.2134078392142973,None
0.1604468970533618,0.6592452012396119,0.8696037233065961,None
0.10506654464577281,0.1740811195240224,0.9813081802565999,None
0.9486165752086816,0.474832467346618,0.9535936569549054,None
0.7207170062483179,0.8837617817580375,0.013181165720441923,0.8113650700092985
0.28851778707949804,0.7008844616592421,0.9728934567416928,None
0.9359785710153441,0.6435676019729595,0.47668989956355357,None
0.48072897813648363,0.6575883017113361,0.8747745133686751,None
0.14207930406411817,0.6175012198046022,0.6418657733652033,None
0.3473805623703746,0.4275089174247121,0.01955580051408068,0.9952239532985204
0.8049027815889451,0.7312451917388175,0.5197125836921332,None
0.3515929231362577,0.7745402520713787,0.38998515359649477,None
0.14554874888162395,0.06401971070956314,0.32517023050000404,None
0.9789792388529808,None,0.2620153207859266,None
0.25972986551656707,0.5721818341594822,0.45416772803853456,None
0.4572269342871512,0.3605920712473659,0.045037659595930424,0.38999736569310683
0.40701087347335674,0.25875439807107836,0.7689895291634031,None
0.4973655585006548,0.6152724409035724,0.9217222422288139,None
0.9359810361345335,0.08117076658698585,0.358307535303223,None
0.8636237941596787,0.07219017171473696,0.6185700005149466,None
0.2356855303702371,0.47700785855499284,0.11159437039354514,None
0.679670780878129,0.3972680955135718,0.055490363931796516,None
0.6525064462862039,0.18299631951959627,0.4234502314675461,None
0.16656678232714994,0.7082271246069519,0.9685458869460144,None
0.292680610125294,0.6625985768192365,0.18227420027686514,None
0.4087054714184102,0.6932078313201543,0.05847126669145786,None
0.42893856854997103,0.8684930501726122,0.44062898037097287,None
0.05130454132560003,0.15170612266770278,0.14648410101843046,None
0.9004494202076244,0.6149730264325303,0.9354641025477969,None
0.8203364904636719,0.7601702242626545,0.16097527836340408,None
0.4075299063533806,0.06177478726577457,0.12808301153745016,None
0.9480110669266342,0.027136303690348917,0.3614304706021483,None
0.9639111338731726,None,0.289152912704015,None
0.033662250149654516,0.6352495259920623,0.08330364372625321,None
0.8290848962613613,0.5129141247474133,0.7242356811997442,None
0.9655760686086924,None,0.5674033789396179,None
0.07493517273304517,0.34520527218867314,0.698033404328832,None
0.2737711087546626,0.3880302007805353,0.20112966018046075,None
0.6256852919273338,0.9099907874356816,0.3366958359224419,None
0.8362175222973628,0.7164898434737316,0.9216091196742595,None
0.8428686246755698,0.7556575579600284,0.46486703626257253,None
0.9719587107103642,None,0.05722425231062522,None
0.0668054407764197,0.8489409145706617,0.409945697019264,None
0.6234567818455283,0.5997930064088957,0.3961090327529039,None
0.03126970413425023,0.6817630522019974,0.4594971328458478,None
0.7199440166583632,0.3703978551951196,0.7215840845932233,None
0.5175010724977803,0.8995695737455226,0.32027830182550776,None
0.0005582766018928931,0.6029822680067732,0.01292143606068552,0.9340849209237397
0.6636888990638863,0.7900922946824612,0.4360618254088042,None
0.4460135174955121,0.9416786588116138,0.37997780179608376,None
0.32128237533512105,0.0758548062506349,0.6738688654973057,None
0.7199794467719516,0.04858989600224051,0.9918130760515587,None
0.8135051762855295,0.5469335039182441,0.14580762969711059,None
0.4713418171850031,0.37172197714604727,0.4607164809390767,None
0.3392893321524304,0.966921481027269,0.5253939157841415,None
0.43636060861376724,0.38934774149861595,0.6948315119087831,None
0.1471417408271366,0.1705704890356361,0.017971699997309964,0.1628717917452316
0.6517555815922701,0.10237346103905143,0.4488602768045631,None
0.2530140452913229,0.06930556456157866,0.12299652667736294,None
0.530985272050811,0.8718033165295546,0.6689138836158867,None
0.8780907719920402,0.3833652560180457,0.6166614348480134,None
0.7438572021670619,0.46882930876707285,0.8673394366229,None
0.5101943877057261,0.6065192681730529,0.4478620035701736,None
0.33399186993055174,0.46076204531147946,0.44825595051244493,None
0.40273069478827084,0.17365973706736293,0.04193870047912618,0.8657137514413191
0.9695042214538593,None,0.675162396701135,None
0.06855206503828071,0.8948674360588089,0.013903359850168107,0.9283506033746592
0.42511501071151336,0.8491466007940093,0.8835033328700798,None
0.4344685823086847,0.4618821180584719,0.1967246413335868,None
0.55361265641282,0.9586395399112251,0.8770123754710483,None
0.8171769578875083,0.5333242379882386,0.4363345109831632,None
0.3587311911308739,0.1234493690477787,0.23571504133556165,None
0.6246265521252656,0.0885809891920214,0.04554622463183511,0.36432910418484454
0.2396879977946863,0.4731215986404227,0.5741885991238106,None
0.26666971618229707,0.9231145983745036,0.6613985721858935,None
0.7403239571757934,0.4165002815235026,0.6690067356795384,None
0.03170717527198519,0.5051513790005026,0.24022519394383357,None
0.18854029303432007,0.6645280083616248,0.32061377263986,None
0.032662546929156044,0.6928595226681378,0.9873796283451598,None
0.2708345990787032,0.018060248005359658,0.11880266904055559,None
0.5047892338645221,0.8499008896372694,0.73526065415838,None
0.24312882616199605,0.7855016404848976,0.7319834599747111,None
0.8794023118339948,0.985393922068985,0.9264569061135689,None
0.5744657403065925,0.503415980579888,0.6052295457246448,None
0.41044955423379503,0.5958390046325213,0.8096198722746104,None
0.24525418848737368,0.5658224748590817,0.5344715629736186,None
0.7805932621547704,0.48037841479111765,0.8632750989901391,None
0.5640185681199174,0.6310930035089524,0.8356628736953644,None
0.18993772356341299,0.7095400435498728,0.022532289669374594,0.17198673219120986
0.8192764324689626,0.4916591596529474,0.6031114053403106,None
0.999195411229325,None,0.549940600372995,None
0.9336988987847635,0.4472567847770115,0.7149126394746124,None
0.6672787467093354,0.2474347484220385,0.9113567629263969,None
0.6413289778824333,0.2744803544139047,0.7179746682767818,None
0.3016281157272185,0.15964041835804899,0.8627577237261085,None
0.6152711403126587,0.4750125362814719,0.12263424289344593,None
0.7892832654188694,0.8446910307233562,0.3040997710696265,None
0.906160644961425,0.1557140814105331,0.060811088930345814,None
0.6370188316050973,0.15098124172963856,0.5101297847877424,None
0.48708464551772157,0.8665038117099367,0.6674448428493727,None
0.24576706468088205,0.5951633868953493,0.4827296620311988,None
0.5133300967321157,0.8365306998487767,0.8006568593127251,None
0.031828354623016586,0.231081581249294,0.5976022524634639,None
0.14708123252887917,0.030750143186183854,0.49417415625980343,None
0.15466564303433117,0.7347478748863521,0.3710260423916456,None
0.6444132071885007,0.11642672920652386,0.6309928140177592,None
0.7186201619472158,0.7082055597970548,0.23917229357972614,None
0.4360021332412657,0.1261568700041239,0.4096730722759109,None
0.5760109681952139,0.8036281891984474,0.12288291702522525,None
0.9657085820856108,None,0.18383777061209194,None
0.06375238655476234,0.711423440407574,0.5923639839752058,None
0.8002892595606819,0.14066976956220467,0.9955969640564373,None
0.2376740433498209,0.5347116285424566,0.34301931186596324,None
0.29095146185254084,0.6493769218353825,0.1105134727996182,None
0.3249042531447154,0.925085493870891,0.9839145545618545,None
0.7739465832094359,0.27477564440794666,0.7592136295887913,None
0.06394585063102787,0.17819488051847265,0.7784435394415248,None
0.5393043768862074,0.7598638780114186,0.7573341423098504,None
0.2619094557976894,0.24116640229409614,0.8871495110753564,None
0.3445089336305177,0.002478138435557442,0.49963090273523014,None
0.6005662834037178,0.9839163555455397,0.19622731926181103,None
0.5710049892445619,0.21477758442585293,0.4349818265534986,None
0.7867999474563409,0.12483750991370912,0.008549548712561306,0.42676167562277734
0.2651753518893287,0.3031943143495893,0.41511256358746473,None
0.5316000762621761,0.500151421287287,0.6886716735350553,None
0.10093272730445102,0.6752933843742138,0.5590841091610316,None
0.8234635254189739,0.5662496094535456,0.5157259785865338,None
0.9666486433705238,None,0.8415819509313498,None
0.7548712433791466,0.5347703434357308,0.7694414277750647,None
0.022185753603358838,0.8181700477657078,0.05472412131524329,None
0.2390289951778486,0.6387527536103937,0.01937663168222603,0.24250119629343425
0.9769341968341823,None,0.3294796724593617,None
0.5495948740236164,0.15333067959547897,0.18786189155999744,None
0.8144272880337914,0.49904735931491584,0.04402388197209883,0.32257320195394545
0.12902225701756898,0.5447539340919425,0.23179667950870986,None
0.4667943059022098,0.23200140402482516,0.5789622622381038,None
0.40017121929262855,0.04082101340031208,0.48715321898437325,None
0.8134939433907994,0.7933047264894763,0.22085083296815367,None
0.3616689785968289,0.20380282907826408,0.13845652094247285,None
0.9359844437093054,0.8696031189904453,0.5799344369705178,None
0.7771987808205509,0.8147741752069325,0.08358163271636476,None
0.3709841125342862,0.22166099434051179,0.23693086895634452,None
0.28205456263804596,0.8570398393045338,0.3153132355424184,None
0.6507179682819352,0.7825637227246112,0.016900434405296205,0.47878792999327713
0.81700316034298,0.09335893722245825,0.6348421291455075,None
0.711336345018135,0.016971893535730587,0.6174897670270082,None
0.11028083909713537,0.4433158069471429,0.7565513275724783,None
0.49548831945356964,0.007610393895068568,0.1421491303841973,None
0.14024619535955785,0.06992673587754272,0.49106455595766063,None
0.8407449639963401,0.7180258097494228,0.3735024633811661,None
0.3907385882197061,0.9992697561862957,0.2824349662978124,None
0.503151424915458,0.485916752554721,0.4064965567283386,None
0.8706774982331617,0.7756048868278145,0.5003400501749923,None
0.3002708246457918,0.22244215109779586,0.3643336156744874,None
0.7445426227084813,0.42971101350994745,0.8339333042727143,None
0.7847915154834748,0.2682592007129664,0.5321428042573358,None
0.9616851909518538,None,0.010945700829702032,0.4453394734341405
0.3807531021335331,0.49747720940747464,0.9335965114893545,None
0.15016900550666246,0.5479945907722491,0.4814263742066802,None
0.5709407515919293,0.8053261981978113,0.6497045499555135,None
0.9212465393014226,0.5090587178640144,0.008964576437666572,0.1258727507746501
0.6907227380384007,0.4136115640514596,0.9685304153845797,None
0.24890703701397943,0.6532735097793987,0.12328473714762767,None
0.7847222279301406,0.37946958674464315,0.17525130071986883,None
0.9696707710062744,None,0.5388360127428713,None
0.02907032937091536,0.5129167166395961,0.10443922312475795,None
0.24123971973143876,0.43889324148367703,0.10131389636983201,None
0.6332514061117951,0.7882103648864343,0.6747662858768706,None
0.0810602275272383,0.9395481318113894,0.9500179796248915,None
0.4689627588200368,0.920576182828361,0.7726437123206206,None
0.8188476259466796,0.8848838530579503,0.8903651925104273,None
0.4740750759551118,0.9746960582440787,0.7452399746025411,None
0.08777389828441029,0.031912810368143085,0.8159383104410018,None
0.13982355329959306,0.43605093042791243,0.3288624906007569,None
0.045290335309039254,0.5001213060652291,0.16244114581446079,None
0.2495055083157438,0.8338670362506567,0.5905575732844053,None
0.8275813072878415,0.34113477991373964,0.619024730548069,None
0.9106278294438425,0.1103643573312425,0.7281400171924826,None
0.02465122204406489,0.8137439605283048,0.2323507379860037,None
0.3758172901407201,0.5408292723886198,0.8339570758872134,None
0.2252882275767213,0.8946237744054744,0.2694281261372097,None
0.6031440303142505,0.6874731528086188,0.2233859350983266,None
0.907386531277885,0.34250311783321563,0.006468607863310716,0.1948768078274582
0.745921808038778,0.33721243028168624,0.6918835327103715,None
0.049282686816934373,0.36900921916512175,0.8045881150007317,None
0.3216694740432041,0.0389064298066929,0.67669858539169,None
0.6128555681419705,0.37232451365401287,0.32099247376299067,None
0.09554646605547223,0.7181221032688007,0.6246662729567111,None
0.05474418132809178,0.9510776292611577,0.708411683092066,None
0.15881838773205625,0.7486579877368454,0.9999782491547392,None
0.19082367052475713,0.5141750786049776,0.7567681847017393,None
0.8010395129276585,0.030480837285893903,0.7468147661460723,None
0.6734705224995589,0.1987519398408042,0.3155424867392793,None
0.6269029499905343,0.3121958367154888,0.0822995371246521,None
0.5867666524778115,0.307354013692274,0.4741406760580946,None
0.5637843912047051,0.9479586235060389,0.3037508918961329,None
0.42133390182285035,0.9114105820340824,0.154829099432362,None
0.0793336512562619,0.6162067358189045,0.5384016598477899,None
0.5414695326215553,0.8926490413587003,0.6119462226144579,None
0.37263212677021107,0.9919764285862103,0.14187001448370384,None
0.677902687725842,0.3965296343646689,0.4599081107361118,None
0.6809418378956611,0.4327976752455748,0.14120563892581717,None
0.8883773264021292,0.12620288360969978,0.9012557762143086,None
0.09323087133134778,0.30303665913391786,0.9431950630186824,None
0.7767482972070423,0.9097241612301631,0.9952189576636971,None
0.8678879333128791,0.16670954802187754,0.3411506903344992,None
0.19655226020775785,0.40120515779400767,0.07210531851345281,None
0.5763076328204342,0.6078008449711745,0.9209163272111807,None
0.7610528139647166,0.8172474268951997,0.9784541384700416,None
0.9580851008872521,None,0.4368901729542707,None
0.12172510769467515,0.9938554675194161,0.6769706260842515,None
0.25454115152453083,0.0029757545537215657,0.4370990439384077,None
0.7547564069530505,0.6829244552633846,0.7684246793839987,None
0.01848964067770298,0.9742241110522887,0.5486831735057104,None
0.4233276888306251,0.7300615210483123,0.7278782340076803,None
0.5184425201593266,0.6542603508087692,0.6370301699452676,None
0.8848701056328346,0.6031597188716983,0.08604050678667918,None
0.8123189851804393,0.20183801882886188,0.34722282321886155,None
0.6783433757910109,0.44046682585862607,0.4578669132220897,None
0.7468391513597865,0.9311265647759874,0.2591562652274374,None
0.803461404191089,0.36710003492686116,0.7103065067648755,None
0.24775341886496793,0.3997617835957701,0.5038798347849527,None
0.2156556568834841,0.8966048409974565,0.8366428907411096,None
0.1109695111575989,0.5481804503310688,0.7973542729145381,None
0.748033325032473,0.18972635822154216,0.2007689084894605,None
0.11396101695476213,0.6886182558494384,0.3146259461205686,None
0.5554088294635071,0.393386034268151,0.7021392526660654,None
0.6334103169746165,0.9708331351727358,0.011657492583937112,0.7260081853160021
0.08039493450004254,0.9850639411237032,0.8939213975231917,None
0.9960876343736008,None,0.46087706392423533,None
0.3912739416277087,0.9040321383633939,0.11823112062096786,None
0.9926767095924381,None,0.617039633565474,None
0.7031093581113719,0.6464556702291425,0.2822237682641824,None
0.8547788704002601,0.8864078277037244,0.01901165238017888,0.8670400411644649
0.9030718659283685,0.4669982071378971,0.047464685859567535,0.24948972550436177
0.4214563195412113,0.21917306140421955,0.6697375187712995,None
0.403060668818535,0.505587719527263,0.35981577556847233,None
0.32042406545791935,0.5268830695779664,0.3618885276397814,None
0.6851623918855637,0.543388033627322,0.626892835589406,None
0.584564676818047,0.5270785847146228,0.5815919358243287,None
0.15820903393351338,0.4894710751859994,0.7535084881013749,None
0.4508439255353772,0.25993826479414883,0.634338597466488,None
0.019494924556608062,0.7006872628678201,0.06316507518840941,None
0.3560171195220445,0.8495051801044846,0.0012889140462615245,0.297573642750655
0.46734450650642423,0.03379271634917158,0.7101090764588476,None
0.12299322681902991,0.27572213758168806,0.6828449861764154,None
0.1706858250510801,0.6088480522224523,0.8374506842016741,None
0.5048164797742871,0.7736459111451139,0.27910780894960807,None
0.08032973751863626,0.30124817963490913,0.13492307714620266,None
0.20273035401787054,0.11234539523029707,0.0019576349782988167,0.9316758982842334
0.8878697078888323,0.9191706737922137,0.4744568510464874,None
0.003606452866559584,0.05713139753547103,0.8052098072109997,None
0.05650256690207256,0.826587051686492,0.43349920570688594,None
0.0214765047484482,0.49072195361215676,0.8242430269918043,None
0.9980507466565884,None,0.05718396192840858,None
0.016813234727464654,0.9169030832394605,0.7269370458510351,None
0.7864092901873575,0.7809589991509673,0.13344462599930906,None
0.7221401658743599,0.2985723173101811,0.506007070660762,None
0.5437843156043668,0.6558909341691643,0.6502340090223658,None
0.1220329406386016,0.8489293771004761,0.8906834534072846,None
0.5760597160818314,0.20989896550671094,0.01503979197487737,0.8636511180689609
0.3667392258353752,0.49642493203475235,0.4875405884009374,None
0.21252871978195553,0.6421936249298119,0.03224278402137115,0.3136904163135239
0.35089251750195594,0.9660432073284402,0.32671183088388867,None
0.617163288322482,0.5687817064236601,0.20767756159524098,None
0.3811037183718713,0.24562044877312827,0.636817482041553,None
0.6686873207429358,0.582563626578935,0.7498518956339246,None
0.27785635615292714,0.02005107467474254,0.27916158183071815,None
0.4536620996416555,0.21512576652958548,0.599342101482059,None
0.9997228203302714,None,0.931549005525215,None
0.26096230338612914,0.738776773732968,0.4202668253466104,None
0.4277578731616589,0.7126434527612241,0.15104205886730748,None
0.8140695086332504,0.8406319464472366,0.8843116403684185,None
0.15978037483025798,0.45901417585199245,0.7694459219943908,None
0.21222963963454244,0.6096251307144915,0.9568740594924239,None
0.35632565921626114,0.22146552994774948,0.7176621166227711,None
0.48069522113628127,0.5832253466731987,0.5964211858324097,None
0.49759525626072776,0.7125021214534145,0.7480534060379918,None
0.8682434166676032,0.7877814451165722,0.37000058899822497,None
0.5119308336139143,0.8420504631457504,0.24380685823882753,None
0.5246344732237471,0.2122213071445559,0.5456686777816975,None
0.8770752610071211,0.5065288781577681,0.7544680345731777,None
0.6043814014869142,0.18953319296112447,0.21907239855174787,None
0.5437123740307056,0.4815511418947378,0.3902547693367824,None
0.1710103797864052,0.6787507890612288,0.2121895046921145,None
0.8167273220452067,0.8802012147731694,0.9173968419453697,None
0.7472055006674463,0.8430794640080991,0.7025526026366634,None
0.07790783260749268,0.7256351326006854,0.3787855085715074,None
0.38059620001494254,0.8826738920883788,0.7913561680918633,None
0.6314379343606845,0.4207465083165377,0.589519906805778,None
0.20021099976526346,0.26623348159301086,0.09663478905127054,None
0.0033899014170704067,0.5110089230896752,0.3714779413368018,None
0.9310579181876899,0.7717436120696621,0.788551549207247,None
0.7919003569625002,0.8215700023731416,0.7415022235923052,None
0.7698642559037793,0.45914640483488534,0.5989784058843657,None
0.4763344916588409,0.7295568476681075,0.7614053225689191,None
0.8951613373516651,0.5743221419936337,0.2265776653090692,None
0.6895162108064133,0.007769615894997917,0.5056745245438559,None
0.3430167618392722,0.5211641198454996,0.5550050100199089,None
0.15380966720106892,0.7663431593709567,0.5534937742613631,None
0.04865366200246113,0.7976608576072503,0.15527714835450324,None
0.28016097947113405,0.5748682367560188,0.17431370768907295,None
0.1304734188007992,0.2537932622846214,0.4693683295772906,None
0.7333909649358801,0.12721460452748856,0.734133365179369,None
0.6762471785231575,0.7511431272019723,0.807907087270188,None
0.32694126897575715,0.6973537052919745,0.17499047119682698,None
0.5359430641596441,0.19492335174283537,0.27102518843935386,None
0.04714157041631095,0.8022518528778706,0.1904891720586539,None
0.1462741804097164,0.3442705231285208,0.3286089248145645,None
0.08661482308973867,0.8012317319412657,0.44823518496430714,None
0.8088034880104372,0.6122355911674303,0.8838960523036723,None
0.30017653408436706,0.42597042054944534,0.19622695415381497,None
0.4409682553504899,0.5630812929880299,0.6361915151858163,None
0.326022998480632,0.6448140648979502,0.01882784007802607,0.517466118638589
0.061637086657785556,0.3678838420040378,0.6067564243912131,None
0.7463854297277892,0.018234679002110066,0.703193780997435,None
0.1850496401288827,0.8862591644699415,0.8435258304935862,None
0.7445417986059228,0.9305302216203484,0.5429585528646576,None
0.4421542343916738,0.8120687193479672,0.665163010458848,None
0.2228024408616296,0.14270890380165724,0.280506189666605,None
0.6767532360721265,0.4217900270421968,0.583491589298123,None
0.28472767274503796,0.5748677109305544,0.24163920552923013,None
0.5220963290252472,0.9040499799482624,0.37340965827577366,None
0.5960337735597243,0.4156214810566853,0.14265205136503045,None
0.7084945255706939,0.6343399896713897,0.4221579109079603,None
0.045308526433801566,0.8178077415976489,0.6956245474430336,None
0.7578339369667553,0.6391109323815564,0.17328447665178215,None
0.024108013691644947,0.7466188090780457,0.8752243752458122,None
0.45627785161333545,0.8578312456448859,0.6092412831748402,None
0.28204515208434755,0.9368534438754176,0.8008501754975601,None
0.5815756749336064,0.28562145237043624,0.45724114088637324,None
0.9701531932639935,None,0.19425768511232844,None
0.5521424055301343,0.3732569596102998,0.3803254416105645,None
0.8268074590057519,0.2855223561295208,0.39374519579306244,None
0.48716826645843614,0.6034460590040717,0.8739741072900286,None
0.1242375795216053,0.6570266093044621,0.15113210904166352,None
0.8547448164349696,0.5130887991280487,0.5201010361807545,None
0.4861165765429031,0.684678679612581,0.2158001142085102,None
0.3090483628188734,0.8351124820420682,0.15672552238352844,None
0.12185780136601299,0.2811622125093445,0.6707497553299793,None
0.05816553832624738,0.6786815682667106,0.7948732418282574,None
0.09863427372579214,0.9404677961630711,0.27105388140944875,None
0.9746389243129856,None,0.33876769767759984,None
0.8075046776053341,0.22631486565386283,0.5190076136306391,None
0.1422150101075298,0.9172931621734992,0.7463745723416028,None
0.5698800683219727,0.4530499633062489,0.59354940119624,None
0.3989546943436214,0.06496914997110659,0.36655430838651104,None
0.3208899386241245,0.9061953752049128,0.02272176678311766,0.36564809167584267
0.3743604698160261,0.9635811585174375,0.31051971789245836,None
0.8703419232936029,0.5026570408566958,0.5461307271659669,None
0.6871614019875179,0.7737164172848011,0.6812728482296346,None
0.10961267499256022,0.3419641230927005,0.171997473235165,None
0.21000735619268152,0.9903844137703083,0.896569455547704,None
0.3761945665591889,0.6433816039307783,0.22382266767846015,None
0.046230521860501694,0.8061791163648061,0.8982888198375255,None
0.4736615861874528,0.580916212739818,0.7826648485202637,None
0.4012649743406418,0.6196363270824639,0.9178879938969454,None
0.11295371890323336,0.6331271619617672,0.5471359172077488,None
0.5931267725869842,0.5281793751468115,0.2087931302575713,None
0.6803324057012298,0.742510582603812,0.04298525076314785,0.3586673698872609
0.24544908394929754,0.11837303639614849,0.4710744995595324,None
0.6986948748994115,0.4157975890233655,0.39000979539420233,None
0.09677804083989927,0.9051172554866206,0.6263748746197724,None
0.2759676248637888,0.5615734421521169,0.014023115223262939,0.48221812367027406
0.46418049796411354,0.36009690154508767,0.1958003630231846,None
0.5458084093177294,0.2726129522785813,0.6351054734299608,None
0.0003570429590156188,0.6896261931373748,0.037333199517229354,0.09212369074859672
0.5345443005172679,0.24134622354596014,0.9664645938545329,None
0.810894067966914,0.836746783382944,0.9692545485422749,None
0.8411625557297133,0.4302927644052603,0.061355141206296815,None
0.46918353283144276,0.5536667723121065,0.8249598682880968,None
0.9944868343046164,None,0.22927257029236703,None
0.2511020344378866,0.8493983109508827,0.5986957151483859,None
0.36302105630858705,0.32352461432601565,0.48187303061445397,None
0.22867271874327244,0.3192337470969262,0.7311843409286553,None
0.6018437003498532,0.8357903663446804,0.09886907356933894,None
0.4601222663319888,0.9460579653381416,0.504090925599588,None
0.20190590802108133,0.9917775506480624,0.8569857089199506,None
0.20553336110012166,0.4419367306685861,0.8114673591058147,None
0.9114255637936207,0.28444677827951326,0.7339611300928877,None
0.7554699500193797,0.5922816436876595,0.09599858842482356,None
0.7009623133855406,0.7200388569479474,0.0835503858945349,None
0.5049344068384267,0.8508319897096558,0.46524242987118725,None
0.1605918045177679,0.6859971864641552,0.9768144982797703,None
0.5980299239897089,0.17931794639265175,0.6258780853065852,None
0.20296742610348484,0.6573169998767737,0.5491386282357056,None
0.04836535171345324,0.04362055692269584,0.34374545936476875,None
0.7176013499782427,0.9294852216296976,0.7472338730400296,None
0.33617300370424386,0.24956847465314103,0.5231185504365912,None
0.9831622427392638,None,0.8429304056366066,None
0.2287252948464359,0.17562533235738864,0.7445119921425348,None
0.11924199882620246,0.41216403614092556,0.3521350202852992,None
0.4826752895324953,0.11719753715263137,0.6141697239917333,None
0.5102263980387929,0.3975231497367555,0.36159448073680467,None
0.38904421107222786,0.6132553741720371,0.9059815029228093,None
0.6829273531476997,0.7785188124374478,0.11699465189230951,None
0.8017043470267567,0.8818689017475169,0.3051237447577101,None
0.12143912174623006,0.8945025584381003,0.3966535304560569,None
0.5234320993651913,0.332629248567039,0.9007907242963602,None
0.38685243201330255,0.9022729695630453,0.3634361438939582,None
0.012134270962394611,0.8781139716986086,0.09314509676947191,None
0.3485321123306838,0.6012209340214083,0.1722461813588938,None
