param_a param_b param_c .PERFORMANCE.
0.9466698232874678 0.7613665331405809 0.8900608323975914 0.0
0.058955820379772206 0.27771140266646444 0.9353730106894119 0.1111111111111111
0.9301990743922669 0.5753076772700295 0.6077519417447973 0.0
0.48210251830431616 0.30169100347585587 0.05622531584033219 0.0
0.3388087477701035 0.6438661390141539 0.45795421834323835 0.0
0.40966167048780733 0.6907036154268825 0.5104520972944508 0.0
0.9243891305596817 0.7963531182628243 0.9667010101943285 0.0
0.5283746903453258 0.7094303085243719 0.8249157594295295 0.2222222222222222
0.8109791732308784 0.9965543620599331 0.4963417870004758 0.0
0.9198396824935255 0.47700791262741005 0.9074285078680514 0.0
0.6628503231982712 0.1773745629834257 0.16893623982338313 0.2222222222222222
0.35686696411547814 0.19095090026218975 0.7775000307914257 0.0
0.32307705388391406 0.7850047755355597 0.4443363626390825 0.0
0.9304755613841403 0.5194884722479286 0.005237318998865037 0.0
0.7614005588743572 0.9116592273811169 0.4693481405197486 0.0
0.6044062868559156 0.5229674806804716 0.8706290072532409 0.2222222222222222
0.0861383682725172 0.11982601351296485 0.5157096514495925 0.1111111111111111
0.4314015098716131 0.2743196608678804 0.041738359727368834 0.0
0.19166195754144044 0.9241156248367464 0.7320590066688141 0.2222222222222222
0.051462582606339846 0.2888232562238091 0.06190696815564056 0.1111111111111111
0.4816466576439057 0.518481534215119 0.4624114801135606 0.0
0.30026895012213406 0.7712988972932547 0.3575112868128354 0.0
0.7335800035563038 0.9721927124615554 0.05408968694041394 0.0
0.29812758039659515 0.18352769745633357 0.29090207081385944 0.1111111111111111
0.7435137011662389 0.32048126152527945 0.2508490825293016 0.0
0.7628730292416175 0.021384844416150295 0.9671768016842747 0.0
0.7335308385730801 0.562610159928794 0.6639236700721072 0.0
0.40385405696186516 0.24286598210000088 0.42352579346095565 0.0
0.17780086624770708 0.0749684355219391 0.1336087894347352 0.2222222222222222
0.17575866828252884 0.17294898545495452 0.8240614430496692 0.2222222222222222
0.6191771195670935 0.47273337150648387 0.730181011729951 0.2222222222222222
0.5430909089747161 0.5165851647040389 0.3440913127070937 0.2222222222222222
0.7496611311291032 0.03792212328992828 0.6881074600672155 0.0
0.9959818139890626 0.14440692876508177 0.3880632328088226 0.0
0.25027513152920944 0.9496628080516241 0.07521704053298484 0.1111111111111111
0.17784417016656473 0.29390678727138075 0.8298351316844153 0.2222222222222222
0.22345188586551878 0.11791452848883299 0.48290085109814773 0.1111111111111111
0.39059538468117316 0.7895510881932003 0.7130230215797425 0.0
0.1126768700755314 0.5139957495410183 0.524894452150294 1.0
0.8440658772236151 0.5332456985614494 0.3049565141233823 0.0
0.3922828051259809 0.7746412878648588 0.5030130989428339 0.0
0.45217354984733915 0.7500734049456131 0.2240382903387168 0.0
0.3510942133051874 0.7118526397430158 0.79103766686654 0.0
0.9097926952179438 0.5934874807622607 0.9305863867963817 0.0
0.9295822466157881 0.7348778983720156 0.07553770921032565 0.0
0.41388281560796747 0.2399822217292764 0.6589017108821216 0.0
0.5865343954702842 0.251292358963749 0.5572122875793003 0.2222222222222222
0.10854155006972754 0.19745655699762887 0.3579851717509178 0.2222222222222222
0.5759736125844027 0.14568729632783595 0.8298424817609955 0.2222222222222222
0.8358532522030853 0.48190150602735105 0.13563267423804792 0.0
0.14079537144202325 0.23034017374962712 0.48778873823940916 0.2222222222222222
0.08354003686782074 0.517411972214184 0.8238137471675444 0.4444444444444444
0.7373429690879924 0.6969009138117449 0.5401974479699714 0.0
0.9256769436167521 0.18088554064812823 0.1660007621786549 0.0
0.7823742369228751 0.6796726373610591 0.8136436803314386 0.0
0.40403146841208293 0.08878309241144233 0.4635840952502367 0.0
0.047220160162937175 0.9268719221917306 0.7604591720479412 0.1111111111111111
0.8135680298595485 0.8689133376419818 0.7164626385585348 0.0
0.5176529371468493 0.40327316414804637 0.5842431186811091 0.2222222222222222
0.8283556853437577 0.4527407401980078 0.659698764477141 0.0
0.1280341649762624 0.07869475542585935 0.1391992528817224 0.2222222222222222
0.6829867280757748 0.036290364244580986 0.16863596034098438 0.2222222222222222
0.6378351496332395 0.8514301999225637 0.33688337048140904 0.2222222222222222
0.7982138942502994 0.9410129942447488 0.4451988263778469 0.0
0.38281344558463515 0.058364140855793445 0.8204730443823621 0.0
0.03752519066225357 0.4852928563218807 0.40484059579459497 0.1111111111111111
0.746045800549651 0.702602731363678 0.6063685926204652 0.0
0.8804467101383733 0.6701829921229175 0.004749467954321851 0.0
0.3186587403532847 0.5885912513468203 0.35850853451938536 0.0
0.8464545540100898 0.8305022116590407 0.2479714459341672 0.0
0.07534282858795449 0.26450716961161946 0.9948174541424849 0.1111111111111111
0.7935541557043725 0.16090752050097779 0.20731041015230323 0.0
0.9748273838793424 0.9346025714948423 0.5889965909146165 0.0
0.5001948328875727 0.9719606153998532 0.5635459361812041 0.2222222222222222
0.27666567008592036 0.43968375795891246 0.32782223150600587 0.1111111111111111
0.3919784785595969 0.4890193811677105 0.9335986193441999 0.0
0.027362525241350744 0.9555256878609638 0.2704590188497361 0.1111111111111111
0.7748241616460927 0.7361191613403171 0.3667631724957082 0.0
0.4921738998741909 0.283997743335922 0.2555083133856293 0.0
0.3672105928981467 0.2940200303176709 0.9327674354452706 0.0
0.47372289021158787 0.780365580012179 0.2085382223250828 0.0
0.9560545822241615 0.2866717545269474 0.235936205943044 0.0
0.9574573710872165 0.10263627806760323 0.13936736112167913 0.0
0.6908673993396507 0.4389110719384207 0.6097550866303206 0.2222222222222222
0.9177583243011216 0.4634913765244656 0.8866190499283844 0.0
0.8138537327809391 0.2732555570766906 0.48207677589246944 0.0
0.2632774504487526 0.41561209464779636 0.2012421551378406 0.1111111111111111
0.12604953009270292 0.1416685992561877 0.03394036769719466 0.2222222222222222
0.12750668626794703 0.4171510052408386 0.6938841540881986 0.6666666666666666
0.9226362685188947 0.26234287240408816 0.7240652603787583 0.0
0.7291222164461382 0.9301680735931569 0.23474100462372616 0.0
0.12062619558449028 0.847144231476729 0.6902870061416994 0.6666666666666666
0.8892239039980734 0.05027902811290319 0.23540007495765425 0.0
0.23777357465173332 0.8692736353542856 0.15341566977311816 0.1111111111111111
0.14037542569748118 0.818263458346906 0.816701512722526 0.2222222222222222
0.843407169156924 0.5069740334544076 0.3287175545171578 0.0
0.97458448170655 0.43412991515511556 0.7851689291753257 0.0
0.02609204425123579 0.44545150047399595 0.9097017803012546 0.1111111111111111
0.9086231087495578 0.4615763894505678 0.5021428188922697 0.0
0.11745963076581367 0.5283873806145648 0.5797211928105057 1.0
0.45732647097142487 0.7607789777371049 0.89490553661679 0.0
0.628407009343684 0.7393979418423092 0.6721832920394719 0.2222222222222222
0.9755957408563161 0.41444912513818255 0.9727550166916796 0.0
0.9606164490940092 0.2053796447260915 0.2164189420745507 0.0
0.8017195729392859 0.9804625704523948 0.788516666861223 0.0
0.4559577357708494 0.17098795156783442 0.7435471801648711 0.0
0.13412336293160332 0.9392943746095127 0.6129332905661259 0.6666666666666666
0.7111554505278063 0.6654032647435321 0.8128995300650115 0.0
0.38753637019636544 0.33103826819190907 0.8837411355498442 0.0
0.2999376606587706 0.02516020021800791 0.5026582586781922 0.5555555555555556
0.4868287645670403 0.08051613236565969 0.11126263584865759 0.0
0.7487133950147653 0.06473938166508997 0.3462176675916475 0.0
0.5175792335974665 0.906257024218866 0.682959286174919 0.2222222222222222
0.6720412000279582 0.3280969813939636 0.7290942937159843 0.2222222222222222
0.10466956755842494 0.38890611426943134 0.38793004622666094 0.2222222222222222
0.3306462962499853 0.19502632054161395 0.6669233309032034 0.0
0.8130819274776696 0.5307481561393738 0.3309800591908798 0.0
0.5508799782437183 0.224951166568651 0.71474117199558 0.2222222222222222
0.24242728350527054 0.4476605705477761 0.470099258538751 0.1111111111111111
0.8681216140895833 0.6642376983241229 0.18948019130899785 0.0
0.17033471808668954 0.6506797971312606 0.5543090367382467 1.0
0.7396091304793848 0.11305599439510172 0.8610496187213259 0.0
0.8359861221936281 0.8746979939416216 0.43036841030159523 0.0
0.7323641517044852 0.9671690368901251 0.20998655108954511 0.0
0.5882355057738956 0.11280170212723362 0.5522719616794259 0.2222222222222222
0.06141516592603491 0.731927994936654 0.26131210633830293 0.1111111111111111
0.8143653668211444 0.5867902068764415 0.28707695086903384 0.0
0.8689376277961594 0.8480769315673948 0.28100882820895123 0.0
0.8024169404401873 0.19441768404535953 0.8429439917450949 0.0
0.3202758898762257 0.7280985530549136 0.2046803865351683 0.0
0.7157112823573027 0.6624777773961276 0.09612292184507276 0.0
0.2735351123922928 0.6937345579508866 0.4399353937064243 0.1111111111111111
0.09761689591340017 0.8660003642292908 0.30503307008676483 0.1111111111111111
0.0013074701299971014 0.3626785541049652 0.8861445840497858 0.1111111111111111
0.9489490627315361 0.35715862655172925 0.9672762293169339 0.0
0.4974214409471842 0.9258681880399983 0.27328599111571905 0.0
0.10698761507156851 0.5439028160547897 0.7867381423114044 0.5555555555555556
0.672028609667364 0.004280416106232088 0.2120160111279784 0.2222222222222222
0.535041962654063 0.645902148947532 0.9530050699290264 0.2222222222222222
0.9771919140824434 0.47917483975964326 0.39574804778321726 0.0
0.527519839106425 0.042335730974922936 0.12156947646278504 0.2222222222222222
0.32029483292834215 0.9283466337670052 0.06160762888029503 0.0
0.18159070156718138 0.26531191367994844 0.5413427402881528 0.6666666666666666
0.28332750704256837 0.5989567340927546 0.12231004792732358 0.1111111111111111
0.18605430073464357 0.37073092584532996 0.2547127259429187 0.2222222222222222
0.2095574640430946 0.40312582710435274 0.9351195662194063 0.1111111111111111
0.4545527353939791 0.42183308567753597 0.04838370718935725 0.0
0.39525565529403717 0.26126893771346593 0.19993454671769872 0.0
0.018666043920446462 0.6683871800363577 0.48253181391797306 0.4444444444444444
0.4445475203639323 0.06913604409231267 0.2642599133830804 0.0
0.3836971881894492 0.433703880312276 0.7700481627328282 0.0
0.9546557882209411 0.4922250393718106 0.563596820555701 0.0
0.21320575548860976 0.03730745566277127 0.675899939667745 0.5555555555555556
0.8664678011333251 0.47657351033191186 0.9714340802565374 0.0
0.17216532187445055 0.8780011749157071 0.3408765642618454 0.2222222222222222
0.26006969111360223 0.5327612593643014 0.6277578962851261 0.5555555555555556
0.26806264294805915 0.5739757517994183 0.8127848701280732 0.1111111111111111
0.22231175062533293 0.5282231445180714 0.7827421328031097 0.1111111111111111
0.8227964485430678 0.32618373552645175 0.9709944816710879 0.0
0.5210027472702651 0.40704633921532374 0.3091947892210417 0.2222222222222222
0.8932692287028404 0.3895822688812287 0.3335152732126774 0.0
0.1686847096408891 0.39444679616286515 0.5237965174508178 0.6666666666666666
0.06956678897566304 0.5836982008237789 0.4214123363319111 0.4444444444444444
0.2824935447062271 0.9714346914302909 0.8082830599485744 0.1111111111111111
0.8404787500966766 0.2247670227531232 0.11382106155388616 0.0
0.8196339785216038 0.04458165137954628 0.664697007187744 0.0
0.21734152101953275 0.4973332079780385 0.7065019358073881 0.1111111111111111
0.7460617459887711 0.760738784036774 0.6718352755954005 0.0
0.6538509787085525 0.2179497976800152 0.6427323787322428 0.2222222222222222
0.5973706624077246 0.15160177281686948 0.19473382989285026 0.2222222222222222
0.7193562825776916 0.9354701899243518 0.4238450654793212 0.0
0.3911376328777041 0.6996858790110557 0.5497212669887825 0.0
0.4588193922513295 0.5388855590252667 0.147433370022806 0.0
0.03551984464705826 0.10094355736167826 0.15776191801654338 0.1111111111111111
0.11834308303059338 0.29988400763711553 0.2951061083076042 0.2222222222222222
0.8415767195169398 0.16035238805420649 0.07632598318334494 0.0
0.8072583494816353 0.020521093047019545 0.4187874503185691 0.0
0.5963360326875135 0.5804456362133336 0.9713166932242177 0.2222222222222222
0.2848788062283041 0.3535116328487984 0.5047464775803445 0.5555555555555556
0.8189542474755858 0.047886052164230364 0.07942496623151751 0.0
0.5867910728123341 0.6999187694617992 0.824241453419906 0.2222222222222222
0.38348209129966226 0.18638149626027534 0.5939418756128868 0.0
0.8108670159069431 0.3451461888867905 0.8334549934261485 0.0
0.043931109779693056 0.44813316052757113 0.9833177895245608 0.1111111111111111
0.10686949790247735 0.9616965539803147 0.18356029756423498 0.2222222222222222
0.3313857880205867 0.4374783849248508 0.7765460946407956 0.0
0.6227977310309926 0.1437248577471658 0.8857324936978798 0.2222222222222222
0.15117906671517256 0.4492624462790634 0.7850869531552773 0.2222222222222222
0.36517663577885895 0.38835283937082576 0.7588530134521998 0.0
0.7267072459607209 0.8693892871776213 0.8854600194761669 0.0
0.9501844139186643 0.5029646537747225 0.5585272697611089 0.0
0.16921980834949446 0.1915440310272104 0.326898867505673 0.2222222222222222
0.05053282989338537 0.1428934045936432 0.15831063254365485 0.1111111111111111
0.3158590066874475 0.09753361167099217 0.307374280920102 0.0
0.16214088144659033 0.4418189373167325 0.3488678582658815 0.2222222222222222
0.09362982207864512 0.7828720982293544 0.005975931964709136 0.1111111111111111
0.753448381347312 0.375570015258444 0.8922300002049648 0.0
0.694312712152948 0.14277629189596586 0.9812623082678624 0.2222222222222222
0.19205202098113838 0.4487978692650363 0.3757315190182109 0.2222222222222222
0.1360233776800579 0.3655243355107708 0.4207950842020681 0.2222222222222222
0.9116227737485617 0.8128065106294343 0.7258562910758369 0.0
0.875516693930264 0.618356449521442 0.8349261461990211 0.0
0.17711962185372587 0.9000502980636061 0.39269329080426174 0.2222222222222222
0.7955994355403481 0.8367515278386289 0.167835079002862 0.0
0.9303185018004075 0.7007379886780908 0.033532563177261276 0.0
0.60973701118377 0.8090214104620225 0.5480357231998311 0.2222222222222222
0.3296629058904549 0.6924498257742683 0.21838245076324347 0.0
0.22711070034921665 0.6521331204419824 0.4132659124584971 0.1111111111111111
0.5315925868137019 0.7353428948256756 0.43572506726379945 0.2222222222222222
0.03412248247573868 0.6277457196182465 0.6082708386108063 0.4444444444444444
0.044115665550672034 0.6763757012749723 0.293018867245474 0.4444444444444444
0.3389324706526634 0.652788767764262 0.562255914965778 0.0
0.9621505315632198 0.49810117963337575 0.6908507542815591 0.0
0.9612481534651374 0.7635483840619931 0.24350435061906994 0.0
0.4196597903513518 0.5556064408927854 0.07984483388274521 0.0
0.26724084869525166 0.4063495347900926 0.8046616758448032 0.1111111111111111
0.8625135800755765 0.7067061454904678 0.733336804116611 0.0
0.3018667294105166 0.5062770320812531 0.08063062859609349 0.0
0.9660174794263929 0.5658053331653506 0.3784112803940365 0.0
0.13191915386634068 0.6839678219201961 0.6386624556702959 1.0
0.1252206553055839 0.5815861444733912 0.7892152538617774 0.5555555555555556
0.6574147615421162 0.43919349922509043 0.0717738724073379 0.2222222222222222
0.6111217379859156 0.7613476555464397 0.28325624664253324 0.2222222222222222
0.4545822328836824 0.8389576207703557 0.6926281751172804 0.0
0.24218613153430513 0.8207170474669581 0.8487396187733212 0.1111111111111111
0.5816656480768008 0.8324494269631525 0.02257213371948652 0.2222222222222222
0.9555884172916492 0.774362410927 0.6238954550977696 0.0
0.2025869152712576 0.06952744934178878 0.19538311270714992 0.1111111111111111
0.2239634971640787 0.014084253238686562 0.8282976299669174 0.1111111111111111
0.4448498945023197 0.502220674737677 0.4131050605277027 0.0
0.9125459314796781 0.8485913588208492 0.14700253930692087 0.0
0.2812835906180723 0.41332366736431336 0.046264169618986384 0.1111111111111111
0.8216538281733937 0.9648134899110116 0.17959855876700404 0.0
0.7713145720302944 0.9293017516100254 0.456725864617868 0.0
0.3388162923153385 0.3992450817145716 0.3086241632887765 0.0
0.029796583893261563 0.9464404732359113 0.5821618417005886 0.1111111111111111
0.6789614218127489 0.27817261999976783 0.9340887218644139 0.2222222222222222
0.15657289108025452 0.6162435172347059 0.14559809778944233 0.5555555555555556
0.43374350739027745 0.7861940013010664 0.5652793602075825 0.0
0.25210197319780214 0.4805409449443151 0.8703185833706195 0.1111111111111111
0.20647102305104548 0.9930144167773841 0.8873585467653559 0.1111111111111111
0.8517351253990411 0.4169918750510402 0.8527535377051088 0.0
0.2959752826297093 0.17583755540538304 0.4573494546790001 0.1111111111111111
0.2921292407026532 0.1598371177238943 0.7605223539139233 0.1111111111111111
0.7883439602286647 0.6954479479997645 0.1315337557722861 0.0
0.779910983647915 0.28056126341207166 0.9461202623536918 0.0
0.7950416588585398 0.32553033789236474 0.3147009233983935 0.0
0.04652344716115764 0.17087474105988276 0.7508219711612099 0.1111111111111111
0.8955472561896595 0.2365708948114491 0.6162401662079371 0.0
0.11115658523843042 0.4818948632989366 0.9815766761029805 0.2222222222222222
0.5905271627193556 0.3468108429876503 0.1966023042080456 0.2222222222222222
0.8585252753029871 0.23873852428449382 0.7002018888480807 0.0
0.0849702705346187 0.005048684446163243 0.11833727592761856 0.1111111111111111
0.5677363167086285 0.3230139453179479 0.5155498410314585 0.2222222222222222
0.4173030207421681 0.21572244563886878 0.5374331100196617 0.0
0.24415412895164368 0.11312600952483431 0.28869319179901665 0.1111111111111111
0.40885064788814107 0.878112005201824 0.40609816021111356 0.0
0.07245945305938961 0.9495407574265258 0.41527228242666603 0.1111111111111111
0.10768983983088065 0.7508740595810733 0.05110398064471089 0.2222222222222222
0.07700118763468866 0.46614663659269073 0.9688699835745673 0.1111111111111111
0.6609468941099614 0.9679042295286244 0.10268980419441154 0.2222222222222222
0.4762094292415553 0.618744236210392 0.4348142805117259 0.0
0.8163775735967335 0.06286751029897719 0.1354855518017597 0.0
0.2825326767238654 0.8111709576196267 0.954261451131466 0.1111111111111111
0.16196836745542909 0.20001735531554798 0.3759715640835012 0.2222222222222222
0.9685429805758793 0.40010439919251695 0.24385116025013864 0.0
0.5366571792997766 0.3414026842148058 0.4199216617959102 0.2222222222222222
0.09214024887653005 0.9078547402004 0.4442853799036848 0.1111111111111111
0.15569554506991556 0.6911465656420199 0.5229807829907632 1.0
0.7762469686432827 0.7542093237892558 0.028274224160440897 0.0
0.3089019879277196 0.46771334603209713 0.47441447493246713 0.0
0.8455062831559292 0.5577981669369729 0.10605085302590611 0.0
0.1648106930339216 0.5262261908157991 0.7428168294177296 0.5555555555555556
0.5368677338423649 0.7944401546855603 0.18274356697293348 0.2222222222222222
0.16403812154973008 0.07840486753226195 0.9390739618045773 0.2222222222222222
0.9936190144475977 0.7443634164806735 0.6277809144080846 0.0
0.24085044901742902 0.8639571823440927 0.07637291501132759 0.1111111111111111
0.36658079116742015 0.42273213026004575 0.7361225971727889 0.0
0.515817249668394 0.5937690915253293 0.6727790918287132 0.2222222222222222
0.9854670017745367 0.17266548276147187 0.9219396063887247 0.0
0.7005146582780649 0.2761884845078868 0.9993940135434017 0.0
0.2998169235302346 0.3951580466906607 0.08468117755629923 0.1111111111111111
0.47002206559582593 0.5460934557651027 0.8624712447541718 0.0
0.07353759533655235 0.22420002786197524 0.2304852429166656 0.1111111111111111
0.08079538149136034 0.7362867745180568 0.3316039149352985 0.1111111111111111
0.44756503273081716 0.1031815501647324 0.20741229912591863 0.0
0.5555817733415925 0.9843778448926074 0.6853369287490632 0.2222222222222222
0.31354578685431067 0.7128249231857764 0.582090059095837 0.0
0.8052581226726637 0.7375655948278661 0.9743556823552256 0.0
0.6260998112513274 0.24164043648461808 0.3440514803577761 0.2222222222222222
0.5589650199242726 0.3239118187073178 0.37874154375246805 0.2222222222222222
0.9313634849554665 0.5170939879695907 0.2000817931826938 0.0
0.03347945847964828 0.2119174518515935 0.6820564809165944 0.1111111111111111
0.760038215722793 0.3949890997778449 0.4872098616590441 0.0
0.8902766975968603 0.6346545102597508 0.060345309410824166 0.0
0.5897116572855231 0.40703907136467077 0.7935975080715129 0.2222222222222222
0.40641614942397253 0.5607320159668703 0.17491784162977297 0.0
0.7846140563760435 0.2677767679334392 0.376039084287188 0.0
0.9869999355587085 0.9059112733671327 0.5711304630360405 0.0
0.115715695633688 0.6739502854568946 0.2300411932008254 0.5555555555555556
0.09114323166064409 0.8876327331218379 0.4731761636681112 0.1111111111111111
0.4835174036384525 0.3264768297838171 0.43343241377398034 0.0
0.9774283397135103 0.6780165292921092 0.036408595179354464 0.0
0.7998780541159549 0.5341223451260834 0.6575486556600749 0.0
0.13787822094419422 0.9409670307446447 0.16786675223119796 0.2222222222222222
0.7138290759662993 0.24425556626001677 0.2837380685025218 0.0
0.8625505504269636 0.5363096704269277 0.7776339001725714 0.0
0.07554886251501414 0.1088046103482927 0.7572809818429942 0.1111111111111111
0.9166562838065407 0.8633871408014886 0.7262340097959488 0.0
0.39972814662843237 0.7740236548820124 0.6773345018959095 0.0
0.340470153272628 0.519974993724534 0.3079647476794791 0.0
0.31135977880581456 0.0014863975605416968 0.9887261597323758 0.0
0.8607198891920459 0.5303570790348756 0.19354186601159762 0.0
0.40733285267749675 0.7853943385307852 0.4129701671459023 0.0
0.044428852768237936 0.46963717520698034 0.30861268305703893 0.1111111111111111
0.7132413269574125 0.20973430819045946 0.6233314618553047 0.0
0.978245065623188 0.09496820280097029 0.2867417414949648 0.0
0.9463519855375337 0.3500037842268424 0.8247369104593056 0.0
0.4766774041129066 0.945032020189635 0.723814420319254 0.0
0.15177817200809596 0.21266421845601213 0.7464856428016277 0.2222222222222222
0.41059857885691364 0.32178895480933056 0.8667975915970305 0.0
0.4890004195464961 0.37010314923842424 0.4671727286118268 0.0
0.5121949608721273 0.055007601112466054 0.43134955510675155 0.2222222222222222
0.40384715145839933 0.9171457945346034 0.12133258637953492 0.0
0.6237924114203945 0.5779481423527634 0.9046170745589363 0.2222222222222222
0.32755446611070094 0.5413933702047146 0.011594511722050949 0.0
0.8179080704242205 0.6574044617362839 0.9027244716987461 0.0
0.9353661619577823 0.7367311197876988 0.8109399308215498 0.0
0.1696301626118305 0.8664734335628111 0.5020164184420238 0.6666666666666666
0.6214277603226871 0.3341481083675767 0.07126707804669197 0.2222222222222222
0.8799642352572424 0.9625334914935684 0.9881214254324592 0.0
0.7684085795993578 0.920074000556597 0.4534308536565621 0.0
0.45759675966227653 0.41892933582150393 0.5833221808063468 0.0
0.8083679735318939 0.6015472222607369 0.08616702044426938 0.0
0.17700319777462314 0.4161745338230869 0.40621561615865454 0.2222222222222222
0.10545751084884358 0.09317902305853742 0.652939867174467 0.6666666666666666
0.048413821365057674 0.806517229270608 0.7134335283541299 0.1111111111111111
0.8328706057690499 0.6554489968635582 0.37531581414305515 0.0
0.23213057745810617 0.4662071319990624 0.47167618781342724 0.1111111111111111
0.8261648806680639 0.7578675815552273 0.7115590441808624 0.0
0.3032421135152348 0.12028647032343232 0.5077269980088219 0.0
0.5124710708478436 0.39057871576274306 0.07583795730206389 0.2222222222222222
0.9223255327288998 0.11717735204439561 0.17384199034806158 0.0
0.6967862610587252 0.5985782922726403 0.9762972997075231 0.2222222222222222
0.9673228815544043 0.7698135315730303 0.7900819533207627 0.0
0.6505154129028852 0.3402550207206927 0.20764628420190168 0.2222222222222222
0.8362073206316007 0.6721840538248178 0.6556385583599517 0.0
0.6630669002229398 0.4855255260406506 0.8152924739315274 0.2222222222222222
0.8945367447400895 0.011637209587390673 0.7660714785204766 0.0
0.9080249964349814 0.7227671656122342 0.14568368324455172 0.0
0.7542821294570575 0.31349321664501273 0.29368982998923243 0.0
0.7797228508000977 0.15718015289158282 0.5632655753307237 0.0
0.019916084868317196 0.8059500736556168 0.28436896935028255 0.1111111111111111
0.8708102466178097 0.4559625229810913 0.395982413237416 0.0
0.6051464789615202 0.8677112277424726 0.7950864915770625 0.2222222222222222
0.5658522223627057 0.43680100317950743 0.7894248808527792 0.2222222222222222
0.9407807642594833 0.14377319590660598 0.11294735880958506 0.0
0.13941257455909029 0.13345504345113057 0.08686445221793593 0.2222222222222222
0.17112321999311053 0.5523633957959574 0.9104684414568252 0.5555555555555556
0.215000211784243 0.09070792440205255 0.21771593302999437 0.1111111111111111
0.9958086429316271 0.9499156365555098 0.42345423539707727 0.0
0.534078141489582 0.34588939989308587 0.0938136530838426 0.2222222222222222
0.1511719791171462 0.046769383395671826 0.37949640188220557 0.2222222222222222
0.7557731830332243 0.5764191549942569 0.5435506535790514 0.0
0.2242901678701037 0.4662411637526729 0.17824402500643144 0.1111111111111111
0.8207160955612026 0.5861914598660577 0.8558278763196158 0.0
0.3384001318713119 0.8737232243964648 0.8387387532357583 0.0
0.9046690080471237 0.4147233968894992 0.768041427669795 0.0
0.6645524943096015 0.9637567284099022 0.30297641689636623 0.2222222222222222
0.08294690936255988 0.9173548316468507 0.12220806309719068 0.1111111111111111
0.32397032662076686 0.9341382289456807 0.4059709785383451 0.0
0.5009994711236011 0.9806945198986047 0.1341483731437072 0.2222222222222222
0.6377153625468849 0.1274601033617071 0.6677572157984388 0.2222222222222222
0.9957109251452357 0.718908150435659 0.9568081020633686 0.0
0.08169315792784793 0.041925303187259955 0.26349632075450957 0.1111111111111111
0.7156425486948078 0.24767666959853196 0.9302265530879691 0.0
0.3845484484636157 0.10540613946311317 0.51354177722565 0.0
0.48219004978903246 0.2867864708768152 0.3688835220801535 0.0
0.9381747643957309 0.43330437903606767 0.3136696531620572 0.0
0.7168060877654474 0.15599473776971673 0.3251723076705876 0.0
0.9989789650752177 0.3923781306805877 0.9065538646511266 0.0
0.4998936216089377 0.461651172804325 0.7063229546130027 0.0
0.05948655858339014 0.6051088243901019 0.41306726479639355 0.4444444444444444
0.5713880480290542 0.35543190235932687 0.6066945430997726 0.2222222222222222
0.4291078311983586 0.5886791049171094 0.05294592432109679 0.0
0.34983582293086346 0.432060789179192 0.21497424771912643 0.0
0.40252147285364215 0.21563588474155193 0.2524982051812452 0.0
0.5461106219521056 0.04194406828689823 0.974163796909133 0.2222222222222222
0.164558542227076 0.3506162451948277 0.43799352243851186 0.2222222222222222
0.7731622720216994 0.9236554188056706 0.7241084115869366 0.0
0.6846137943317256 0.5811951655190426 0.9058899593541568 0.2222222222222222
0.35150664475402726 0.5662535571395977 0.9570434681427784 0.0
0.7338096672302543 0.31901636313598614 0.529266224810592 0.0
0.7388548014697232 0.9726697922222465 0.5468037387343402 0.0
0.4527809430918599 0.675333536272377 0.04304393818446828 0.0
0.7741125234106195 0.863632040191225 0.5764558292274914 0.0
0.9268432696937028 0.251993718643967 0.2688982468590284 0.0
0.8984594466309491 0.1646830801275918 0.1807981421162964 0.0
0.36582770812896803 0.33440196888227103 0.7128838018255427 0.0
0.9261911658446683 0.9592292101162398 0.5713536881782695 0.0
0.6231306261969506 0.01445566555437705 0.15172475968021837 0.2222222222222222
0.42666618719970595 0.9900995990924318 0.2828873929927185 0.0
0.614186389529971 0.0995201906184412 0.30621478502632105 0.2222222222222222
0.2105753777642827 0.8794031157056814 0.07552371398354685 0.1111111111111111
0.958981048128318 0.8898339079405646 0.27194205284088924 0.0
0.08424869035205096 0.18993708264891485 0.24017250660789136 0.1111111111111111
0.3379500111471946 0.7421124320901543 0.838507656487848 0.0
0.5459614446146533 0.7697365887751347 0.0832693745553662 0.2222222222222222
0.7988414819733357 0.6306850028439408 0.21652056313388346 0.0
0.25945631725172513 0.8844843450891681 0.7989656248336146 0.1111111111111111
0.4106385988292135 0.060427179940867215 0.28402997615387504 0.0
0.6020247691151889 0.22226686672388685 0.3529816399334942 0.2222222222222222
0.29496489461768194 0.09440224910137385 0.678438261538892 0.5555555555555556
0.08877490210144823 0.9251999876923297 0.13411911050763659 0.1111111111111111
0.6948553917865775 0.6053417103550751 0.921844386505712 0.2222222222222222
0.2766605670433011 0.36045788650581667 0.4156087190222266 0.1111111111111111
0.38015957968097847 0.1783565894800011 0.2002404055708279 0.0
0.20247594086745757 0.8292490506029169 0.8050401753581831 0.1111111111111111
0.6287685633159888 0.8964818284912004 0.44935374074556145 0.2222222222222222
0.5030618293058572 0.12837505331971577 0.19462190432123494 0.2222222222222222
0.4807505098641399 0.2674731367822545 0.7382766644911072 0.0
0.7881277359363045 0.5099493284206162 0.10182626958326269 0.0
0.5038227288058148 0.8461685410806923 0.16460763469686934 0.2222222222222222
0.522835827350099 0.9559339410384324 0.6239437017611783 0.2222222222222222
0.8771380654694554 0.7378898936308674 0.3725563521709292 0.0
0.0041785612518802084 0.02190991660068009 0.7691332722785089 0.1111111111111111
0.760184601973443 0.06581957588430243 0.5695590976809274 0.0
0.824432120466886 0.05758888892784486 0.8987970743598678 0.0
0.5776909384751858 0.8673402080275466 0.011735564162484113 0.2222222222222222
0.624570143784369 0.5258295797045032 0.9918635319466504 0.2222222222222222
0.2984108737728266 0.8813222165686951 0.7250600837907348 0.1111111111111111
0.4774163166936468 0.3671070859070721 0.06501107592232491 0.0
0.685338110218577 0.899378391827208 0.20359934051122286 0.2222222222222222
0.33808965626155085 0.6917452527545922 0.034398924433453715 0.0
0.2847554956135405 0.5003479852055485 0.3639330480721985 0.1111111111111111
0.4756935179010183 0.37962420595074986 0.605461859052437 0.0
0.6287325460552402 0.8058581409315617 0.8586552065612434 0.2222222222222222
0.5851114889285458 0.9298536536980998 0.5079127319681305 0.2222222222222222
0.23644737595892762 0.05161000070441668 0.9180733665750577 0.1111111111111111
0.3488323630271478 0.791516967669 0.5042760579520474 0.0
0.24313396926644382 0.5870373834832773 0.6364990508872774 0.5555555555555556
0.19781528037710439 0.6639429608475123 0.15527886995240248 0.5555555555555556
0.5543894135748936 0.04188117322749596 0.4861451780432249 0.2222222222222222
0.797119622051269 0.18904640762686542 0.8568407205809243 0.0
0.49529549164909226 0.013533272381642925 0.6815938638781291 0.0
0.5727704090915152 0.9408877835573111 0.06470704839582975 0.2222222222222222
0.20856987795794624 0.126673430109977 0.6279700351795249 0.5555555555555556
0.9874927935786517 0.721438870888452 0.33096918231101013 0.0
0.24782059821612235 0.4493709697005719 0.9766334112016757 0.1111111111111111
0.3234167629821544 0.41487939174566346 0.20750946241463897 0.0
0.4693086340343904 0.2051655196380915 0.5242015522204546 0.0
0.30145569343225465 0.159586384345623 0.1142778348309047 0.0
0.09595878055620388 0.6852770042869497 0.11659675476955889 0.4444444444444444
0.3030794448137051 0.19700259777776874 0.2003286351344965 0.0
0.16562876351795064 0.9475280321302159 0.3262907949973525 0.2222222222222222
0.02068002824074955 0.2321528341146406 0.9498846935799159 0.1111111111111111
0.4340462105474775 0.11677565555753122 0.16817720318752627 0.0
0.5629990890501305 0.16738587236230462 0.27514672396443074 0.2222222222222222
0.5007030980397473 0.10992603260919254 0.4664862624560222 0.2222222222222222
0.8313951725381975 0.7094929110864882 0.1481372961460914 0.0
0.6880651875300021 0.7299557300699339 0.8512565553994617 0.2222222222222222
0.601931768918652 0.6782229195265863 0.08503374483642356 0.2222222222222222
0.9414134939122177 0.10391266974170332 0.7330598601735824 0.0
0.49462299660666453 0.18953874725564934 0.6026047950774968 0.0
0.3921769533335602 0.38176560991761854 0.9376101176913475 0.0
0.38647615413627656 0.6449918936534992 0.25781213594184005 0.0
0.5695853536679667 0.061666235522311874 0.768485276665941 0.2222222222222222
0.52463460963874 0.6099772290626099 0.15972770798112834 0.2222222222222222
0.7865364434084703 0.8960912337512942 0.07868892387043147 0.0
0.9459018368459204 0.14579431082206096 0.8046847129113766 0.0
0.2593756056693973 0.9768873801402802 0.6131496699935288 0.5555555555555556
0.07676828694065374 0.04396735869138102 0.49289950979731467 0.1111111111111111
0.43482328114083646 0.8494990335399196 0.18285245563721075 0.0
0.5945755159984436 0.2522115546220325 0.9959716507679919 0.2222222222222222
0.9570737229694817 0.054179819426142695 0.9566411955737851 0.0
0.9457344670138654 0.14037861098031623 0.08560609293787824 0.0
0.48265729693396053 0.4060758399772423 0.3146543094006622 0.0
0.8874111664169057 0.05717518887267248 0.2947879117944373 0.0
0.8685491888866025 0.11033047820900688 0.43806534940047637 0.0
0.8198822169754219 0.5756794534856143 0.7844333288421711 0.0
0.5829765193910427 0.07101302600367898 0.488678640895127 0.2222222222222222
0.7972712089506577 0.41393398363709 0.2698530559293538 0.0
0.9288940219135224 0.6001748364328418 0.7254386551497949 0.0
0.9831306689007513 0.5566533237216704 0.39135294246704966 0.0
0.3207359240809906 0.7685196644348488 0.46440166509865954 0.0
0.44705331750605415 0.7599219439704671 0.8211917286323683 0.0
0.6340145532437778 0.5158277827536982 0.6025401503037701 0.2222222222222222
0.04955861022328223 0.6299436689173809 0.020951076954036196 0.4444444444444444
0.7946272093926443 0.8823890244210479 0.40159888170071023 0.0
0.8008776925161226 0.6115629035343688 0.9817834513681939 0.0
0.382624654127135 0.0649515156678756 0.25504440202501866 0.0
0.46442011933434446 0.10262000811758187 0.5095002374739481 0.0
0.3432108002325309 0.8203797404578931 0.8195157027354074 0.0
0.5993064500683704 0.7236113163581562 0.06174223037517235 0.2222222222222222
0.6922482528270615 0.44580515382277897 0.07066158949857704 0.2222222222222222
0.07193362739145426 0.45919189319078557 0.5207894787726554 0.1111111111111111
0.05578704594650674 0.6999767733746483 0.319619411674966 0.4444444444444444
0.33924603750552174 0.3604836266666104 0.7472658734076938 0.0
0.9875418306397101 0.6958984104207321 0.9996887561683431 0.0
0.2200664392709406 0.3735485207428705 0.06760786854266954 0.1111111111111111
0.04259362748316642 0.8038467664379987 0.2515867320908892 0.1111111111111111
0.7647392134430381 0.9877930946301593 0.4273768148170105 0.0
0.5760085022103673 0.9839822608860466 0.12917104256764333 0.2222222222222222
0.41547409840924643 0.12198509529083845 0.7289549416430146 0.0
0.18390246231005558 0.1947184154051811 0.06529145203409825 0.2222222222222222
0.8966544545433772 0.3655106625945922 0.46629936393878346 0.0
0.29009096627175746 0.8341533425420503 0.8525274724564957 0.1111111111111111
0.055040783107034086 0.2998580189139811 0.9111625133079603 0.1111111111111111
0.31059590472899445 0.039781452071485535 0.837195509508956 0.0
0.49020316608878556 0.24723221952114927 0.4219360455354485 0.0
0.37058155564232576 0.7473215414429538 0.5746215437792982 0.0
0.8606732606347016 5.693527062711201e-05 0.18101884001334734 0.0
0.7430891982186316 0.49911253403586 0.3795528988345207 0.0
0.4468198121798209 0.8850028376342048 0.08217073200939673 0.0
0.8311638036961463 0.32087805300164496 0.04933569702277918 0.0
0.3454392014994061 0.6400382519078682 0.4693519100148178 0.0
0.8535977832058657 0.21903609531452972 0.8090580176223628 0.0
6.605562176897894e-05 0.875015381404596 0.09025038076223002 0.1111111111111111
0.8433653154310563 0.2625556095834848 0.6753303952179005 0.0
0.7334061861774961 0.31096107081453694 0.390588629276172 0.0
0.17766967455821958 0.9114479957086848 0.8958540808776044 0.2222222222222222
0.19543424132526932 0.6558288186211362 0.37385836065469147 0.5555555555555556
0.9194367157159705 0.2907597886236689 0.9196034219927806 0.0
0.7830671129581369 0.9272216654062033 0.14040306728428376 0.0
0.5102791421511333 0.09419092806071594 0.41488808111050735 0.2222222222222222
0.5448640866195215 0.17104544186280135 0.6132363966128879 0.2222222222222222
0.7331736084111761 0.7848807843019344 0.31244308257939757 0.0
0.6947068662573458 0.5817348482636479 0.08712426056644706 0.2222222222222222
0.7492995847043811 0.2522065752040731 0.1117163910164034 0.0
0.5901312810499023 0.941516840997122 0.7207759640002033 0.2222222222222222
0.44350885833394893 0.3241854794709621 0.4203506660412244 0.0
0.8259631697613711 0.20698207536616942 0.6433691604282111 0.0
0.29707697144257017 0.1385433551021361 0.35978609630179537 0.1111111111111111
0.28366307477168196 0.4709446914248795 0.6130411726087023 0.5555555555555556
0.7055290297778068 0.7409061648050761 0.529563986687073 0.0
0.8679738983017594 0.6640857580042928 0.8046789178330954 0.0
0.44808087204440705 0.3407010209644843 0.584581890100862 0.0
0.13676477150066824 0.8766175470695018 0.8939093184155147 0.2222222222222222
0.15569049704806937 0.23776992634426974 0.1230258548347668 0.2222222222222222
0.7297360219612027 0.7546164122415719 0.8932547865019316 0.0
0.28552679214401455 0.9935729768017121 0.21615680477889154 0.1111111111111111
0.0071128838001197625 0.8948975631162893 0.3340413843889025 0.1111111111111111
0.2642862378355859 0.11452387991664681 0.6357606431587355 0.5555555555555556
0.40729757378127984 0.9044116205087366 0.6441996949601174 0.0
0.6383256411980163 0.3240640806094176 0.2656967891472063 0.2222222222222222
0.16027112647607777 0.16788920435838806 0.5444972609287267 0.6666666666666666
0.24457164521368557 0.1799128114555092 0.8887072154004093 0.1111111111111111
0.7112182489166954 0.35473730114903645 0.7990328633512858 0.0
0.4875495715797892 0.48735717622922503 0.9680775431420071 0.0
0.5870374454353169 0.09581345520300566 0.5547480384562654 0.2222222222222222
0.984878345726024 0.06330620337119108 0.037553597750711765 0.0
0.27904325844964495 0.5155102218563355 0.7783976655819369 0.1111111111111111
0.8431326478409814 0.5029058906539652 0.7095998994169646 0.0
0.632291653558006 0.903582474586412 0.8259190447447984 0.2222222222222222
0.723203113061378 0.940072560151785 0.2235395330265716 0.0
0.3513551142252025 0.6989181140845091 0.9355217706577591 0.0
0.08532501966371009 0.34001424461597496 0.6245567359554457 0.1111111111111111
0.5745655069373211 0.22628309948125025 0.7224374106303575 0.2222222222222222
0.5956876648025271 0.8072554209640824 0.6077796580948339 0.2222222222222222
0.4543806508360779 0.0065780293356423325 0.9992743018007039 0.0
0.8172258650195211 0.158277477193576 0.8537101874457445 0.0
0.43102699593022553 0.36131419885496874 0.2859516876225693 0.0
0.6428388534361562 0.20179873630441447 0.6641973235877251 0.2222222222222222
0.8075302703595825 0.6462528347374317 0.6435528802954652 0.0
0.47761936827449847 0.8048359586810235 0.9579010194238109 0.0
0.3356766157165234 0.256116794693401 0.8037951635879043 0.0
0.24545791857159027 0.10798197592197512 0.1670338959284472 0.1111111111111111
0.34713725970594844 0.5966104239270255 0.9034826493773515 0.0
0.15179932048076183 0.11691549570779036 0.9637789586800993 0.2222222222222222
0.5451104166418009 0.4824113024446215 0.761227302919099 0.2222222222222222
0.17552636276670808 0.019460332720343088 0.16978678502614786 0.2222222222222222
0.9993550938745275 0.877169734334937 0.8324279024291596 0.0
0.7831496137861901 0.13166130626355455 0.6373356629077732 0.0
0.3459428059147044 0.05214314370115458 0.3193444021188354 0.0
0.9461718156200022 0.7225187181355518 0.9082898632335691 0.0
0.5667719147824346 0.461511540331598 0.8842215252375576 0.2222222222222222
0.023269587581933204 0.23790686237691705 0.11986560508146726 0.1111111111111111
0.9004586374139263 0.9406842286316873 0.23862244075879546 0.0
0.14422734316387487 0.4954996991715903 0.2007903308628527 0.2222222222222222
0.3646833998895601 0.2209049395685898 0.8663736502548527 0.0
0.08795815775140625 0.6066049175716852 0.922342211994148 0.4444444444444444
0.7407816613709406 0.06542122292498087 0.7353174085716307 0.0
0.2853903247294939 0.4302537081426455 0.10570013628024855 0.1111111111111111
0.5578446978384932 0.21779483707866798 0.8144389841957407 0.2222222222222222
0.5998307854377766 0.4179382055596502 0.5446110645976889 0.2222222222222222
0.43553593718937667 0.30946720678627015 0.4972294588944123 0.0
0.9836003449189175 0.6791117519922104 0.717192436630353 0.0
0.3270085585397764 0.6074639893804381 0.6925731236719053 0.0
0.41355650937030297 0.2683389346125923 0.6049212368982756 0.0
0.750277184766029 0.4991328762860331 3.66378390381783e-05 0.0
0.21038444628665365 0.9254711054661766 0.570080905229593 0.5555555555555556
0.8862682189297509 0.09394494969328326 0.5643558734087185 0.0
0.0035733415118870404 0.5820301877157743 0.6637126101861435 0.4444444444444444
0.07888412719610793 0.4550859685784985 0.018493951546981968 0.1111111111111111
0.26394613481432583 0.7188905920892682 0.2551472230754601 0.1111111111111111
0.8764875896891648 0.9011933715031011 0.613684430284101 0.0
0.586113018552729 0.5318214743929066 0.9036060149583314 0.2222222222222222
0.1898292694958682 0.8042479798751847 0.34570151898252444 0.2222222222222222
0.11048801421892163 0.423558335206522 0.0340184443646403 0.2222222222222222
0.8012247130562167 0.5002867932505676 0.6273426795803128 0.0
0.4190164268970359 0.6926634649510698 0.37009311122470223 0.0
0.17975316221666782 0.9981894788374521 0.059187696714488536 0.2222222222222222
0.043757305196185925 0.30007907154992153 0.4676585532368287 0.1111111111111111
0.8319649890456459 0.680777338696216 0.7722393611746305 0.0
0.12806021980971072 0.7500302551978595 0.03251213037910883 0.2222222222222222
0.8106204995266251 0.4785529216898481 0.39135984103703103 0.0
0.13103353922806127 0.49520593472010377 0.8694334453185879 0.2222222222222222
0.5825728325513808 0.9824442163872557 0.04594345493228036 0.2222222222222222
0.18798237192707845 0.7858668144970887 0.9854652747755858 0.2222222222222222
0.8653757243704544 0.6626518912316824 0.5702688877675849 0.0
0.20421556906721006 0.9133941548388971 0.30091777447173673 0.1111111111111111
0.8349559777218631 0.2511563151570795 0.19289545076223913 0.0
0.35665370267864926 0.2105012753177895 0.036359617744442296 0.0
0.24713675932301538 0.03297183080590982 0.21031018012589875 0.1111111111111111
0.7659256260382049 0.7596367184267114 0.4467920787472208 0.0
0.3491678837425697 0.36620364228519675 0.3683307664395137 0.0
0.7835007126819116 0.8225427159387537 0.4421063492201841 0.0
0.474646381250983 0.6939408563096003 0.48336925523884555 0.0
0.9984220818538688 0.9983247342017227 0.0975454389621837 0.0
0.8736235747699174 0.10607302340152347 0.27661157351987875 0.0
0.1167993243779335 0.31734414785186094 0.7965255780457052 0.2222222222222222
0.04651904814325103 0.44570183727177337 0.46322684254407376 0.1111111111111111
0.19889470482111948 0.7320516830666537 0.8973574673237884 0.2222222222222222
0.6171954138391622 0.4506451282342093 0.6448702860004295 0.2222222222222222
0.6817557579454473 0.7045437044346082 0.280139257946344 0.2222222222222222
0.7758882029410022 0.09225409108842209 0.16815331959269153 0.0
0.9651801257390357 0.18420243910133172 0.10289805043652389 0.0
0.7527081622546041 0.592509414795284 0.15126758273817165 0.0
0.06128300750696558 0.19428237230278234 0.49007837093364315 0.1111111111111111
0.4334949626789504 0.07912774397369693 0.16143242983210682 0.0
0.08907554250654526 0.012932312542916491 0.9739805009771632 0.1111111111111111
0.9807958540238321 0.3470019955503645 0.045079914937445675 0.0
0.5422627527193449 0.4276915587012643 0.0509194566833886 0.2222222222222222
0.805573203110969 0.7637734833604208 0.602952090612359 0.0
0.7388424243290794 0.005076834110243511 0.37249544626585585 0.0
0.5915928367215674 0.4857233359383015 0.7763449521937326 0.2222222222222222
0.7016444898554093 0.42459565605559746 0.3357182174924347 0.0
0.36290130690712274 0.07014295320987418 0.4898088460820116 0.0
0.18262954442635726 0.3809336692476315 0.2761429347059089 0.2222222222222222
0.5242035064714782 0.7550046591012967 0.5169294404711678 0.2222222222222222
0.31532295233911345 0.26245786099153534 0.30176406526217125 0.0
0.5270969007307411 0.8166337083475678 0.3556922680302078 0.2222222222222222
0.18784953364637158 0.08924547012214024 0.19754999796816475 0.2222222222222222
0.7203438207781044 0.5320144000559093 0.34598081027941396 0.0
0.5639124776450073 0.7424875602562107 0.41058459320720153 0.2222222222222222
0.6413134917885811 0.9695495425955951 0.7047533592356571 0.2222222222222222
0.31968792541470115 0.6210997173726284 0.764185299064992 0.0
0.46056238955584183 0.7958086795947491 0.5717707670924433 0.0
0.49977208532757345 0.4390904066222545 0.285417759046377 0.0
0.3000575933159648 0.30297237234458707 0.7807723789125286 0.0
0.12546215539989147 0.8534094435755459 0.7929707301925825 0.2222222222222222
0.44135190796454515 0.8153934456859655 0.06571759395384025 0.0
0.777391443489792 0.7243835051050566 0.8124125750989893 0.0
0.5894100217070483 0.8659589528582765 0.30853443690102955 0.2222222222222222
0.8618706885385805 0.4465401748702751 0.8586483425823421 0.0
0.5949217113368485 0.7396973882232357 0.8852151303903836 0.2222222222222222
0.7048523106738243 0.2947250826742992 0.9792745981583642 0.0
0.9123250110635889 0.4118847096558499 0.37063898667990225 0.0
0.26184098277145273 0.3021312484053288 0.26168229575382074 0.1111111111111111
0.7195545668909422 0.5174624480349892 0.0045868705932359255 0.0
0.7880781653751269 0.18342024018503644 0.4859305349711811 0.0
0.8424229002908745 0.6366465830596785 0.13126773740894915 0.0
0.16399452406107773 0.34065589574948263 0.9923122705811378 0.2222222222222222
0.9106119038450449 0.6620326850916999 0.6140547175735732 0.0
0.811266707173868 0.9628639772377199 0.885575493106506 0.0
0.16548407619704608 0.9711180555108772 0.04408780689541836 0.2222222222222222
0.417155165333551 0.6975995012753168 0.2464763360397656 0.0
0.1123292151222628 0.41479115222637264 0.5736365313453656 0.6666666666666666
0.5858676456039085 0.4464805472995498 0.23241233163776365 0.2222222222222222
0.040657240651604476 0.37261735029134146 0.9311917825405649 0.1111111111111111
0.7423456149930688 0.3157201206571897 0.9114141587960581 0.0
0.5250338120110221 0.39299416046714053 0.9521333240686326 0.2222222222222222
0.6424118561468871 0.5312350946560236 0.22441043207020295 0.2222222222222222
0.7858319668742717 0.2788943070560086 0.6533835782607454 0.0
0.7000925451154802 0.621883567189952 0.837714734450923 0.0
0.04858035092002533 0.4271478175260526 0.5172262046184471 0.1111111111111111
0.26973903986358005 0.9884537491021368 0.23034097640136675 0.1111111111111111
0.7029543537734381 0.7768502137200837 0.08039046894308466 0.0
0.1408849476260856 0.8735973365643824 0.21760578673911912 0.2222222222222222
0.857573055571393 0.29722089151357045 0.7125736930439011 0.0
0.6039644351657002 0.26300485563304454 0.2954507449162077 0.2222222222222222
0.7828880147553735 0.6043177579264203 0.2789884800429834 0.0
0.811348235307579 0.8888381355792971 0.4046823564990609 0.0
0.792188372261061 0.40007025030792887 0.6538175074438028 0.0
0.6175748298365338 0.6309116324216356 0.8542331262315617 0.2222222222222222
0.8634160729650714 0.5084731072821456 0.19371904888888958 0.0
0.9403890778725544 0.1494930612293538 0.9305332590639624 0.0
0.6019056251313433 0.11185458775475243 0.6582990633290204 0.2222222222222222
0.6967359269664652 0.8768834821824761 0.5823452038237595 0.2222222222222222
0.8545525644780114 0.8051834964338737 0.17418243645726683 0.0
0.7607910082113958 0.25222114520120154 0.31183463264899114 0.0
0.955873739546929 0.4933267169683674 0.8096172931003651 0.0
0.37085397154230215 0.36423314519090655 0.3609037892309719 0.0
0.005102826147360795 0.7556555574010735 0.5086071735213662 0.1111111111111111
0.9610659357777838 0.3967563917178547 0.8893704513024822 0.0
0.3210593100318583 0.11999385832589193 0.9169777384001047 0.0
0.6454812540387509 0.49798564821115776 0.17536725506112327 0.2222222222222222
0.1265011779695039 0.6250667520726969 0.9809882826802137 0.5555555555555556
0.9760335418694213 0.3494839490463797 0.8000580898432171 0.0
0.5652947137460304 0.36011824506641654 0.86162270491535 0.2222222222222222
0.19513161144082825 0.009736828799243202 0.16831917621477122 0.2222222222222222
0.20734024241058258 0.187132796834927 0.8597390016486461 0.1111111111111111
0.4378267558482639 0.9712183398287547 0.9566745476216001 0.0
0.8351460541733426 0.5202460701910101 0.7972265734350353 0.0
0.8932074968660213 0.3490840420418396 0.6477694901957669 0.0
0.7282104978249863 0.8705852528296393 0.003431774177526936 0.0
0.872636914151385 0.26880392119614693 0.861788059383545 0.0
0.7444495524301358 0.34095229480657263 0.3894032704718574 0.0
0.8383597410383444 0.31645031351763286 0.4714876393416274 0.0
0.38073362753760287 0.7246928370717408 0.31786135256183157 0.0
0.16319019135236357 0.7442884244717497 0.1999120039457214 0.2222222222222222
0.23000654059168424 0.07775888006019804 0.05257159696888214 0.1111111111111111
0.8170426263215524 0.7837459010859208 0.20151027659754672 0.0
0.9397959766126293 0.3413092897858039 0.9495390656059705 0.0
0.19881845092775696 0.9055288899959822 0.30487128775650374 0.2222222222222222
0.5546209789920842 0.5302442011108194 0.7204598097650454 0.2222222222222222
0.8259260125768334 0.9833326582835649 0.6717625123081775 0.0
0.7030883788400264 0.8928689834750693 0.9974325585371632 0.0
0.5754151892767205 0.7606925082859578 0.5184455910424717 0.2222222222222222
0.22499658634803021 0.9259420164653078 0.9053506400505673 0.1111111111111111
0.6743879200595979 0.022566782945334207 0.6947895186275345 0.2222222222222222
0.2993237324774519 0.6391757031970177 0.748664397343147 0.1111111111111111
0.46764329439748376 0.12867027190751334 0.20034099709005448 0.0
0.9084488846719431 0.13274285842963207 0.8046514312904867 0.0
0.9904885757724293 0.7872818269650567 0.059602271242889526 0.0
0.49761553902029365 0.304474392264095 0.8575069999017443 0.0
0.25210439902715664 0.9253710142403653 0.2558975383553609 0.1111111111111111
0.48776713870737987 0.8985061736288582 0.5240029408142067 0.0
0.6578744356199409 0.3865577077020361 0.5223532549857619 0.2222222222222222
0.8845714287109283 0.6882623125412978 0.28529228900932047 0.0
0.8610573595881968 0.40231990623471936 0.2802852182008143 0.0
0.19864518147222077 0.5283853598488091 0.9637346028068889 0.5555555555555556
0.7933827311104126 0.8994574388489375 0.8836780793122896 0.0
0.353849006988635 0.319785598450425 0.15116357863601926 0.0
0.03916898131921831 0.8656689115668733 0.5060108940544409 0.1111111111111111
0.47289179434354744 0.8697389666693806 0.6350171457372592 0.0
0.5669105687974774 0.3499553999764423 0.16547494357615755 0.2222222222222222
0.013622548427504766 0.30386624241600857 0.31442639991885624 0.1111111111111111
0.9571085355117146 0.49205459617813374 0.4797255461807681 0.0
0.14008945280135277 0.6003015069355333 0.6303504892655846 1.0
0.9292054452282572 0.6206918174642737 0.32339283188481316 0.0
0.6473249672500692 0.7344846337975793 0.45251748527371916 0.2222222222222222
0.9470215605028565 0.2075799845080869 0.5764908212276055 0.0
0.6419956430585896 0.26483977980394025 0.007736607422906938 0.2222222222222222
0.6946496410641118 0.8124761289574457 0.45502954674412743 0.2222222222222222
0.6960176825936941 0.13605571987812037 0.08310053690798169 0.2222222222222222
0.24006782291017437 0.5359071391498935 0.893858550020862 0.1111111111111111
0.8256452157016072 0.039527769843284544 0.16272303300004598 0.0
0.43501220398870655 0.7467290438948017 0.8498302140567274 0.0
0.04700156431185343 0.35711745869101286 0.45604195274646386 0.1111111111111111
0.53140803882608 0.8971046247223512 0.1596189562110243 0.2222222222222222
0.7109619544442884 0.620088622895619 0.5736238640405227 0.0
0.5339825512549781 0.2551151721765693 0.5706041311473675 0.2222222222222222
0.5322033498407468 0.555841180260707 0.6450967512630581 0.2222222222222222
0.5801629490016071 0.12452647315197196 0.04096962288937056 0.2222222222222222
0.8343225065180264 0.26206657903399955 0.25882203321715536 0.0
0.28333793829893317 0.49981229789287684 0.3512482700373688 0.1111111111111111
0.9464825857287961 0.542938411844689 0.41296324894949865 0.0
0.20779409590492914 0.21459679859685254 0.8565880603265477 0.1111111111111111
0.34294605778565823 0.5817451634233702 0.1154084586166827 0.0
0.7452712587910533 0.3416017199511924 0.9617648430509201 0.0
0.17284384550946574 0.5059590876738057 0.4044885256989009 0.5555555555555556
0.06473191237658893 0.22005865332277486 0.5927323419533455 0.1111111111111111
0.9718385978221769 0.8942512397610769 0.8186836490038188 0.0
0.021076982895058216 0.7493802371660316 0.6748583745132646 0.1111111111111111
0.11214429723984043 0.8608274235554852 0.5713816131101522 0.6666666666666666
0.23395277297905115 0.9923284191136216 0.5496006184818656 0.5555555555555556
0.44895621622659876 0.3646960905595644 0.17192564622512296 0.0
0.8352998057229575 0.6552688607264134 0.7887933669108828 0.0
0.24000776862709416 0.22255331294048242 0.5969069225801953 0.5555555555555556
0.7151483487258696 0.5656532452935661 0.38780769544846017 0.0
0.3884157936638635 0.27591259783577016 0.22449280062183308 0.0
0.749854408988705 0.02073439276791378 0.25481057251379835 0.0
0.9974452558586359 0.046738491751088795 0.40020948307819704 0.0
0.9756154541720342 0.17882971984244656 0.9648603101258391 0.0
0.5673583717493831 0.8487072153669727 0.6847866884638522 0.2222222222222222
0.6311553757628382 0.9181804616433268 0.08034793001914287 0.2222222222222222
0.4554189350016812 0.2677179652505771 0.31214424571436616 0.0
0.4588718440529185 0.4979905679892881 0.9510907562633575 0.0
0.887194373328377 0.2558275528024069 0.6910026236945896 0.0
0.6576556181176243 0.7592096231885719 0.9476852095362336 0.2222222222222222
0.7729545591366254 0.8955905390010956 0.033658224570703776 0.0
0.7912980932300739 0.9178716990780019 0.300734779765778 0.0
0.4647161839337307 0.2867901898878943 0.481434304036639 0.0
0.40163610362460156 0.21204030208304614 0.009269629221384634 0.0
0.642279620950595 0.6834606082099617 0.8856653233569993 0.2222222222222222
0.82583895600143 0.6328649121924436 0.07831649642249494 0.0
0.16602799844704597 0.9771608384845502 0.9236789445850968 0.2222222222222222
0.0908250719629925 0.4367023229363478 0.8635344168315157 0.1111111111111111
0.8590411868030963 0.8847160840028989 0.8867509705174546 0.0
0.409890782958924 0.5116603813672039 0.19899814427138884 0.0
0.9601800144464421 0.21755955579814268 0.5041328187933275 0.0
0.32871145791738243 0.4294145797251071 0.41961182955001985 0.0
0.6740825010318165 0.44766610060306533 0.15288016068026167 0.2222222222222222
0.10773978664575368 0.8907127128305754 0.05413486192377803 0.2222222222222222
0.6339448673294137 0.3463128481954313 0.805502441461664 0.2222222222222222
0.6657259907454668 0.5584851811607348 0.5966774181543254 0.2222222222222222
0.5821432571465022 0.1735479658417891 0.6415722055223302 0.2222222222222222
0.9794987043524325 0.6107468844006655 0.7481391527732304 0.0
0.27142572577770196 0.5215882786564349 0.9620809035637791 0.1111111111111111
0.20328742117819942 0.307415343410807 0.014446393950931391 0.1111111111111111
0.848510091225647 0.3675249265699323 0.5968115040974299 0.0
0.025396877381158922 0.9783628331909765 0.07094716667493695 0.1111111111111111
0.1946934741041223 0.39399527760162467 0.6617945185230101 0.6666666666666666
0.3889067693710827 0.5723641649891611 0.13688176251189854 0.0
0.7514054737975617 0.058200856467651496 0.8335304506563235 0.0
0.6521333353270369 0.034409767127571045 0.920570744887672 0.2222222222222222
0.3441259075761678 0.47783626641789667 0.9894555688474813 0.0
0.48237031485613524 0.17767129263118075 0.21667355649270514 0.0
0.020162174285359158 0.28624932348101106 0.9449059376814157 0.1111111111111111
0.10872122683074203 0.02171773668390553 0.7994947839424754 0.2222222222222222
0.9473279732691127 0.38841969364151274 0.42700071576321597 0.0
0.4293102465087123 0.6027388179613892 0.15885893842288734 0.0
0.6610449328544009 0.19695155882881854 0.4648639124857108 0.2222222222222222
0.986944117413404 0.1500601494267455 0.8995835072740934 0.0
0.6231217760295605 0.09279538344455807 0.6033305048363531 0.2222222222222222
0.4074384713490974 0.683860243685163 0.05521876292747985 0.0
0.08304995195817522 0.4111502034811022 0.5546177815027281 0.1111111111111111
0.1319742587496775 0.48508225551332274 0.45735622377963514 0.2222222222222222
0.19199985702112266 0.1580342641837995 0.8368642003010849 0.2222222222222222
0.20701326514031781 0.33261307210932 0.5170620035261256 0.5555555555555556
0.8684747175512929 0.07211129018226059 0.889634073158453 0.0
0.2587192175164873 0.7884089624688648 0.47184491426381125 0.1111111111111111
0.25996031999096314 0.19628931083357615 0.946483396756807 0.1111111111111111
0.46811350414269337 0.5255222482153796 0.3624305183047859 0.0
0.5748317024847345 0.016263069646299644 0.6529297799557132 0.2222222222222222
0.4144161810832886 0.610080868530313 0.948766560827513 0.0
0.33998769688531605 0.8664095894232767 0.1935176811757352 0.0
0.6252526985058774 0.24984867419497292 0.5470611204435276 0.2222222222222222
0.7034140146554123 0.16548212070279145 0.4637549616957405 0.0
0.9201640361378737 0.3644795029470673 0.9225270058917392 0.0
0.06083592541544025 0.37568437207852234 0.7096548871442874 0.1111111111111111
0.5780560438420138 0.021670038329872576 0.48407034620530764 0.2222222222222222
0.3625552632289455 0.9412322464502613 0.7134773191600342 0.0
0.5748803681347627 0.11285851415807024 0.49010389177024594 0.2222222222222222
0.9267471514262757 0.6602040837829076 0.002202490773268506 0.0
0.767646804270509 0.44609853336553373 0.7394207789271244 0.0
0.7675891496768837 0.8914961444720549 0.9248602288866545 0.0
0.5340241016715653 0.26816137752761415 0.8995149575777428 0.2222222222222222
0.5103212870628957 0.27306823686281023 0.8400818714665637 0.2222222222222222
0.9500255770007427 0.8589257763346573 0.0832699675558658 0.0
0.46249851946335874 0.8598243360580796 0.8216588073216684 0.0
0.569835241269702 0.6181685298215217 0.44897269157640496 0.2222222222222222
0.01131035857951146 0.5219970952170158 0.6311855795845476 0.4444444444444444
0.4735628975648649 0.7530069614485714 0.07089734230106803 0.0
0.910618451572858 0.7582899622461275 0.43569892489723805 0.0
0.22260461453753944 0.4337798045229233 0.5893837254068925 0.5555555555555556
0.21115976686801985 0.0036583077083881532 0.28748784434014063 0.1111111111111111
0.25412535924439417 0.011525646587545513 0.8985968202870684 0.1111111111111111
0.14860908769579484 0.4175881326312698 0.38381503710765774 0.2222222222222222
0.9893434362907454 0.0750050098363747 0.36608301424169043 0.0
0.3820252850984557 0.6810328396465665 0.6781771219001821 0.0
0.21887993330502253 0.7385751427674382 0.4773076307773072 0.1111111111111111
0.30541804464204814 0.7633528485331764 0.8798276913988942 0.0
0.3938106533731931 0.7481579426451052 0.2912176336648373 0.0
0.3416028158108224 0.6868937429879277 0.8582344583329592 0.0
0.05759842326636344 0.14695615040630772 0.3135211068992333 0.1111111111111111
0.018788351565816264 0.6497527660478893 0.7182971775003316 0.4444444444444444
0.8993045543464523 0.41654361125137107 0.49395257413821647 0.0
0.8529079898950352 0.047052092466750794 0.10697296343457319 0.0
0.06888934332012253 0.42122251973800107 0.46236991432480334 0.1111111111111111
0.40606849598500194 0.9382807564201509 0.6504920819163355 0.0
0.845036997985247 0.9165740785376129 0.1604346404838738 0.0
0.30760903384313143 0.27998343496231504 0.834873738496653 0.0
0.9025892236681226 0.87646553252454 0.16569622973523557 0.0
0.4085612375220502 0.5640642835926636 0.5444447525632657 0.0
0.2566105774254638 0.8056079506999676 0.9510643310628679 0.1111111111111111
0.09494948371490175 0.8519227230888549 0.9694537932970565 0.1111111111111111
0.4224476354180655 0.536013519050191 0.49523122647686124 0.0
0.18934402657399796 0.8710221242021502 0.22168651728688027 0.2222222222222222
0.6600524063269692 0.8596632738840165 0.26737003491008327 0.2222222222222222
0.28916509247885125 0.6922293313053812 0.39009698717821817 0.1111111111111111
0.16482846573189647 0.10260891279580897 0.028678361153006038 0.2222222222222222
0.7228989922282726 0.3830326674420583 0.9860586175695307 0.0
0.8644230535277323 0.7669719823492432 0.10509868966571312 0.0
0.00037868527130757723 0.0903928793300336 0.44592341749934883 0.1111111111111111
0.45925683715310384 0.8315831208128124 0.9144767718999804 0.0
0.2987291960801739 0.8424013594662584 0.4694276797809389 0.1111111111111111
0.6103864860301642 0.8643020623664746 0.2847301916790319 0.2222222222222222
0.40075126554603047 0.6315463243094398 0.7351060341016378 0.0
0.5677643598403043 0.161699536624613 0.08215045213254457 0.2222222222222222
0.3600441486986591 0.6103974823705826 0.3729484001644817 0.0
0.15843171841945758 0.4102205467969017 0.9861401203698659 0.2222222222222222
0.10380341361975987 0.9203063154096004 0.44196187314124136 0.2222222222222222
0.16033557720093694 0.7410356550786015 0.6483703890859902 0.6666666666666666
0.8301777397870432 0.500087889727087 0.46597782768850227 0.0
0.6934681934197764 0.4192074136872158 0.8886513835885406 0.2222222222222222
0.17081215613387213 0.9254683934998574 0.5707929684316103 0.6666666666666666
0.9492269135420076 0.047136566843059 0.032385608789237685 0.0
0.7623395076624903 0.37849619758265496 0.5863218014943998 0.0
0.3849224848084296 0.34424427025019355 0.27313673816822837 0.0
0.23852029050541024 0.6966436964420356 0.2916863771279443 0.1111111111111111
0.45578500144780576 0.8261905060684284 0.8528763322677796 0.0
0.41174174542433084 0.4619973880765271 0.9438269039232723 0.0
0.6067406208127486 0.06646379248653167 0.577466579853105 0.2222222222222222
0.5514016807350812 0.9123050631008495 0.8701416478101787 0.2222222222222222
0.32858739268059567 0.7910896525289012 0.9499225931274042 0.0
0.26868331368215004 0.3119803711509387 0.71757951086628 0.1111111111111111
0.19230802770104893 0.7658566629430714 0.6123686764509259 0.6666666666666666
0.2340169155238696 0.10660029044012553 0.5727042774062997 0.5555555555555556
0.11098471771659035 0.07801617736736144 0.558032340810546 0.6666666666666666
0.975741133038033 0.8581295747664553 0.5536154406152531 0.0
0.16274240731271206 0.22435442656385918 0.07041606674956635 0.2222222222222222
0.999227512771551 0.8033719530725515 0.32638912758966876 0.0
0.8496165193211279 0.541804191317233 0.7035184971991145 0.0
0.6787348517322784 0.43576630975969466 0.5008407999940068 0.2222222222222222
0.4869889480149203 0.18551805669287202 0.8658528586330904 0.0
0.8851040809334935 0.20789764855597304 0.4480583443321472 0.0
0.6863609871033005 0.7932071232021787 0.679963974065481 0.2222222222222222
0.02646964505325944 0.897169644690174 0.45023069485008604 0.1111111111111111
0.4599152674227225 0.028267684519455938 0.3405084770461949 0.0
0.5461489680117044 0.7738776266117843 0.15254320457614223 0.2222222222222222
0.358842909594984 0.8762895177905436 0.646305596212275 0.0
0.30116089840462257 0.8951567484133415 0.09026836784109826 0.0
0.28680263731943356 0.14922910323997207 0.9436186826289378 0.1111111111111111
0.007889407076721144 0.5887884097648203 0.810134870215254 0.4444444444444444
0.24466769544771538 0.948857013299845 0.6865402574457877 0.5555555555555556
0.6306171633460265 0.4877100388230714 0.37268678662301324 0.2222222222222222
0.2657315398477287 0.10457128614502698 0.6532967356906808 0.5555555555555556
0.14617575183627374 0.2929298555048263 0.5551319490722887 0.6666666666666666
0.0454011427163753 0.24142937885774685 0.8260173552616021 0.1111111111111111
0.026334893214996047 0.691310492654646 0.34339012633281274 0.4444444444444444
0.49213072053957874 0.20631303172513538 0.6526927826207495 0.0
0.9800786317249278 0.7387834360679214 0.5823752529409156 0.0
0.9892437370040071 0.5877963763933667 0.6219166445125143 0.0
0.5696022509764577 0.5817164800240435 0.8079754996065769 0.2222222222222222
0.03043298564901986 0.7962776207377523 0.8962311463317564 0.1111111111111111
0.994927818615334 0.6188962035048416 0.39615405013850047 0.0
0.6632771235509783 0.12043968151472162 0.7629953683323639 0.2222222222222222
0.8016467919916077 0.13480298918549083 0.48945516798744715 0.0
0.7432594580322502 0.8050586778064077 0.17985933010614585 0.0
0.8548050324705982 0.42373349526411186 0.022543963011375623 0.0
0.42452681593663144 0.35933163470554974 0.8406675465805657 0.0
0.4205606786418542 0.9850857998130271 0.23519924701363804 0.0
0.5217239171041788 0.6269505120467126 0.3397977217354864 0.2222222222222222
0.33168871323933724 0.250417413039832 0.3012324482592287 0.0
0.20221762902870433 0.37245157012374785 0.12255228877468127 0.1111111111111111
0.2397507699463991 0.1976629774837988 0.7358023436713401 0.1111111111111111
0.031210544530709927 0.9661744970388018 0.4293079683099721 0.1111111111111111
0.5480527103601854 0.8716368328114802 0.6378264720667047 0.2222222222222222
0.9515436280573741 0.049815878695018245 0.3540624707059926 0.0
0.7248221139656422 0.7017780896785941 0.48360380671674175 0.0
0.04149335705013946 0.7372434323242806 0.652884139563206 0.1111111111111111
0.3528954617806729 0.6663462968925709 0.2747382036978757 0.0
0.26767584653579113 0.47548529466495326 0.484957623437702 0.1111111111111111
0.27897901437212924 0.18367674864857275 0.6733508454573129 0.5555555555555556
0.16163312578608646 0.33561834346175523 0.43498402831369254 0.2222222222222222
0.2543668465743347 0.2513990247095814 0.36093865133419345 0.1111111111111111
0.22624781527554616 0.16252556558146758 0.006387595967756732 0.1111111111111111
0.0978891519559798 0.7588465494679064 0.5281832145432509 0.1111111111111111
0.7883404911534225 0.041718849091503585 0.5098581619378731 0.0
0.6758331812234132 0.13104939624394396 0.947705668629529 0.2222222222222222
0.6443658049249171 0.7672713486989597 0.08704696293743819 0.2222222222222222
0.947996708957063 0.95494389862547 0.01993545796647067 0.0
0.8260667835261271 0.32640013113828814 0.6907986627500895 0.0
0.025890448635954244 0.15011424473915302 0.44781319911360473 0.1111111111111111
0.7506657181976943 0.46886846524676706 0.5431098111615225 0.0
0.28120561612555417 0.7372158676460708 0.9786038459425748 0.1111111111111111
0.23432026607364598 0.23782363871248058 0.8545381190777024 0.1111111111111111
0.09181083231178222 0.623395751479785 0.47965632905123456 0.4444444444444444
0.18140197681505055 0.10861437132426288 0.030318497447374915 0.2222222222222222
0.09500358777607365 0.46793540999846506 0.36883338239438634 0.1111111111111111
0.9448769218557185 0.9213152583385159 0.8265908850906977 0.0
0.60580798823039 0.1969347684136692 0.5827602944794473 0.2222222222222222
0.5458829879791978 0.5461604138098952 0.7629997757691542 0.2222222222222222
0.31897033447381906 0.7636194910896762 0.0021228644925007645 0.0
0.7979575443503586 0.8663657676170952 0.4331996811939982 0.0
0.8359251281821657 0.030066759721213532 0.819161527070297 0.0
0.08200489943181888 0.641866119939803 0.8899282810225166 0.4444444444444444
0.7699706145673759 0.12176218515203019 0.7670787802443553 0.0
0.7342691715873473 0.8501067504758737 0.1443618868563965 0.0
0.4550910894559299 0.8554575633771354 0.18105127437337154 0.0
0.27557122635725184 0.7926229647315709 0.6840112748273648 0.5555555555555556
0.21868415878904424 0.2521459133857079 0.5669276299978194 0.5555555555555556
0.3253999045183458 0.2965689616628213 0.43459446335864294 0.0
0.5689830245062599 0.9990431490994762 0.3050233876300168 0.2222222222222222
0.01861534246608576 0.6080037257234546 0.8371015282103605 0.4444444444444444
0.7656201024905305 0.27913709527700936 0.5660754080400416 0.0
0.005374715971393607 0.4076256522693985 0.7059461934418797 0.1111111111111111
0.1610327291308672 0.484222196600413 0.22797895662022638 0.2222222222222222
0.8149884759094495 0.6767049579760638 0.41382526648527584 0.0
0.7747542522974874 0.21680416785933132 0.8171104079434729 0.0
0.9311018043705741 0.15600030943598142 0.35371679627644614 0.0
0.11361980494071355 0.5686694747762986 0.8144086459683194 0.5555555555555556
0.48428398304807163 0.6065798563365884 0.06818753131095812 0.0
0.7339282272341038 0.9301796101494645 0.5691146182087894 0.0
0.6589055993882049 0.9266882296730637 0.791042156631933 0.2222222222222222
0.8676076482466951 0.19146082205560777 0.5917029368309539 0.0
0.7188988241481429 0.1053899622454394 0.7024656284236704 0.0
0.5441042504316177 0.4683930020577135 0.7058681732587131 0.2222222222222222
0.4124205393629785 0.24642614941525642 0.019006755724467528 0.0
0.3920868884230221 0.48914343745297295 0.2597757001145703 0.0
0.638380118450146 0.18560904133183953 0.3721489927264572 0.2222222222222222
0.4050496117164888 0.3322006887460901 0.09814410970376497 0.0
0.21211585480784134 0.9252996998097058 0.9948579982045179 0.1111111111111111
0.6360567815394378 0.11160553941462836 0.5678330355610507 0.2222222222222222
0.9758471325805881 0.04189661120552446 0.346756707656533 0.0
0.4080240073771879 0.3429766727338558 0.3731940721321858 0.0
0.048444819499693925 0.34990485335151433 0.1865830775086228 0.1111111111111111
0.13304633911581065 0.2297919851603062 0.7164770170789606 0.2222222222222222
